//numero de Pontos
 n = 100


//Coordenadas dos Pontos 
62, 19
17, 85
65, 62
17, 77
7, 39
93, 48
27, 67
13, 77
91, 41
56, 74
41, 19
38, 16
88, 52
49, 93
82, 41
23, 89
86, 14
18, 89
60, 88
97, 47
78, 14
55, 21
43, 60
38, 28
76, 45
77, 82
99, 75
51, 11
99, 97
80, 99
31, 60
73, 93
11, 86
18, 35
6, 43
66, 78
56, 81
70, 71
25, 92
37, 87
67, 6
10, 86
16, 46
83, 71
86, 8
45, 25
27, 48
81, 71
91, 1
99, 32
77, 62
15, 12
78, 35
10, 71
47, 95
49, 90
21, 42
74, 54
50, 90
91, 27
77, 50
97, 2
47, 10
50, 43
41, 74
65, 62
93, 65
31, 16
4, 49
82, 94
56, 27
94, 11
33, 17
4, 64
74, 18
88, 1
76, 11
5, 54
13, 21
53, 47
51, 69
40, 71
58, 43
98, 68
71, 71
43, 40
74, 86
36, 40
55, 87
22, 57
98, 2
68, 68
53, 41
77, 6
97, 2
2, 80
42, 68
98, 63
32, 20
27, 7


D = [
   [0,  80,  43,  73,  59,  42,  59,  76,  36,  55,  21,  24,  42,  75,  30,  80,  25,  83,  69,  45,  17,   7,  45,  26,  30,  65,  67,  14,  86,  82,  51,  75,  84,  47,  61,  59,  62,  53,  82,  72,  14,  85,  53,  56,  26,  18,  45,  55,  34,  39,  46,  48,  23,  74,  77,  72,  47,  37,  72,  30,  34,  39,  17,  27,  59,  43,  55,  31,  65,  78,  10,  33,  29,  73,  12,  32,  16,  67,  49,  29,  51,  56,  24,  61,  53,  28,  68,  33,  68,  55,  40,  49,  24,  20,  39,  86,  53,  57,  30,  37   ]
[80,   0,  53,   8,  47,  85,  21,   9,  86,  41,  70,  72,  78,  33,  78,   7,  99,   4,  43,  89,  94,  74,  36,  61,  71,  60,  83,  81,  83,  65,  29,  57,   6,  50,  43,  49,  39,  55,  11,  20,  93,   7,  39,  67, 103,  66,  38,  66, 112,  98,  64,  73,  79,  16,  32,  32,  43,  65,  33,  94,  69, 115,  81,  53,  26,  53,  79,  70,  38,  66,  70, 107,  70,  25,  88, 110,  95,  33,  64,  52,  38,  27,  59,  83,  56,  52,  57,  49,  38,  28, 116,  54,  57,  99, 115,  16,  30,  84,  67,  79   ]
[43,  53,   0,  50,  62,  31,  38,  54,  33,  15,  49,  53,  25,  35,  27,  50,  52,  54,  26,  35,  50,  42,  22,  43,  20,  23,  36,  53,  49,  40,  34,  32,  59,  54,  62,  16,  21,  10,  50,  38,  56,  60,  52,  20,  58,  42,  40,  18,  66,  45,  12,  71,  30,  56,  38,  32,  48,  12,  32,  44,  17,  68,  55,  24,  27,   0,  28,  57,  62,  36,  36,  59,  55,  61,  45,  65,  52,  61,  66,  19,  16,  27,  20,  34,  11,  31,  26,  36,  27,  43,  68,   7,  24,  57,  68,  66,  24,  33,  53,  67   ]
[73,   8,  50,   0,  39,  81,  14,   4,  82,  39,  63,  65,  75,  36,  74,  13,  93,  12,  44,  85,  88,  68,  31,  53,  67,  60,  82,  74,  84,  67,  22,  58,  11,  42,  36,  49,  39,  53,  17,  22,  87,  11,  31,  66,  98,  59,  31,  64, 106,  94,  62,  65,  74,   9,  35,  35,  35,  61,  35,  89,  66, 110,  73,  47,  24,  50,  77,  63,  31,  67,  63, 101,  62,  18,  82, 104,  89,  26,  56,  47,  35,  24,  53,  81,  54,  45,  58,  42,  39,  21, 110,  52,  51,  93, 110,  15,  27,  82,  59,  71   ]
[59,  47,  62,  39,   0,  86,  34,  38,  84,  60,  39,  39,  82,  68,  75,  52,  83,  51,  72,  90,  75,  51,  42,  33,  69,  82,  99,  52, 109,  94,  32,  85,  47,  12,   4,  71,  65,  71,  56,  57,  68,  47,  11,  82,  85,  40,  22,  81,  92,  92,  74,  28,  71,  32,  69,  66,  14,  69,  67,  85,  71,  97,  49,  43,  49,  62,  90,  33,  10,  93,  50,  91,  34,  25,  70,  89,  74,  15,  19,  47,  53,  46,  51,  96,  72,  36,  82,  29,  68,  23,  98,  68,  46,  77,  97,  41,  45,  94,  31,  38   ]
[42,  85,  31,  81,  86,   0,  69,  85,   7,  45,  60,  64,   6,  63,  13,  81,  35,  85,  52,   4,  37,  47,  51,  59,  17,  38,  28,  56,  49,  53,  63,  49,  90,  76,  87,  40,  50,  33,  81,  68,  49,  91,  77,  25,  41,  53,  66,  26,  47,  17,  21,  86,  20,  86,  66,  61,  72,  20,  60,  21,  16,  46,  60,  43,  58,  31,  17,  70,  89,  47,  43,  37,  68,  90,  36,  47,  41,  88,  84,  40,  47,  58,  35,  21,  32,  51,  42,  58,  54,  72,  46,  32,  41,  45,  46,  96,  55,  16,  67,  78   ]
[59,  21,  38,  14,  34,  69,   0,  17,  69,  30,  50,  52,  63,  34,  61,  22,  79,  24,  39,  73,  74,  54,  17,  41,  54,  52,  72,  61,  78,  62,   8,  53,  25,  33,  32,  41,  32,  43,  25,  22,  73,  25,  24,  56,  83,  46,  19,  54,  92,  80,  50,  56,  60,  17,  34,  32,  26,  49,  33,  75,  53,  96,  60,  33,  16,  38,  66,  51,  29,  61,  49,  87,  50,  23,  68,  90,  74,  26,  48,  33,  24,  14,  39,  71,  44,  31,  51,  28,  34,  11,  96,  41,  37,  79,  96,  28,  15,  71,  47,  60   ]
[76,   9,  54,   4,  38,  85,  17,   0,  86,  43,  64,  66,  79,  39,  78,  16,  96,  13,  48,  89,  91,  70,  34,  55,  71,  64,  86,  76,  88,  71,  25,  62,   9,  42,  35,  53,  43,  57,  19,  26,  89,   9,  31,  70, 100,  61,  32,  68, 109,  97,  66,  65,  77,   7,  38,  38,  36,  65,  39,  93,  69, 113,  75,  50,  28,  54,  81,  64,  29,  71,  66, 104,  63,  16,  85, 107,  91,  24,  56,  50,  39,  28,  56,  85,  58,  48,  62,  44,  43,  22, 113,  56,  54,  96, 113,  11,  30,  86,  60,  71   ]
[36,  86,  33,  82,  84,   7,  69,  86,   0,  48,  55,  59,  11,  67,   9,  83,  27,  87,  56,   8,  30,  41,  52,  55,  16,  43,  35,  50,  57,  59,  63,  55,  92,  73,  85,  45,  53,  37,  83,  71,  42,  93,  75,  31,  33,  49,  64,  32,  40,  12,  25,  81,  14,  86,  70,  65,  70,  21,  64,  14,  17,  39,  54,  41,  60,  33,  24,  65,  87,  54,  38,  30,  63,  90,  29,  40,  34,  87,  81,  38,  49,  59,  33,  28,  36,  48,  48,  55,  58,  71,  40,  35,  38,  38,  39,  97,  56,  23,  63,  72   ]
[55,  41,  15,  39,  60,  45,  30,  43,  48,   0,  57,  61,  39,  20,  42,  36,  67,  41,  15,  49,  64,  53,  19,  49,  35,  22,  43,  63,  49,  35,  29,  25,  47,  54,  59,  11,   7,  14,  36,  23,  69,  48,  49,  27,  72,  50,  39,  25,  81,  60,  24,  74,  45,  46,  23,  17,  47,  27,  17,  59,  32,  83,  65,  32,  15,  15,  38,  63,  58,  33,  47,  74,  61,  53,  59,  80,  66,  55,  68,  27,   7,  16,  31,  42,  15,  36,  22,  39,  13,  38,  83,  13,  33,  71,  83,  54,  15,  43,  59,  73   ]
[21,  70,  49,  63,  39,  60,  50,  64,  55,  57,   0,   4,  57,  74,  47,  72,  45,  74,  72,  63,  37,  14,  41,   9,  44,  73,  81,  13,  97,  89,  42,  81,  73,  28,  42,  64,  64,  60,  75,  68,  29,  74,  37,  67,  46,   7,  32,  66,  53,  59,  56,  27,  40,  61,  76,  71,  30,  48,  72,  51,  48,  59,  11,  26,  55,  49,  69,  10,  48,  85,  17,  54,   8,  58,  33,  50,  36,  50,  28,  30,  51,  52,  29,  75,  60,  21,  75,  22,  69,  42,  59,  56,  25,  38,  59,  72,  49,  72,   9,  18   ]
[24,  72,  53,  65,  39,  64,  52,  66,  59,  61,   4,   0,  62,  78,  51,  75,  48,  76,  75,  67,  40,  18,  44,  12,  48,  77,  85,  14, 101,  93,  45,  85,  75,  28,  42,  68,  67,  64,  77,  71,  31,  75,  37,  71,  49,  11,  34,  70,  55,  63,  60,  23,  44,  62,  80,  75,  31,  52,  75,  54,  52,  61,  11,  30,  58,  53,  74,   7,  47,  90,  21,  56,   5,  59,  36,  52,  38,  50,  25,  34,  55,  55,  34,  79,  64,  25,  79,  24,  73,  44,  62,  60,  29,  40,  61,  73,  52,  76,   7,  14   ]
[42,  78,  25,  75,  82,   6,  63,  79,  11,  39,  57,  62,   0,  57,  13,  75,  38,  79,  46,  10,  39,  45,  46,  55,  14,  32,  25,  55,  46,  48,  58,  44,  84,  72,  82,  34,  43,  26,  75,  62,  51,  85,  72,  20,  44,  51,  61,  20,  51,  23,  15,  83,  20,  80,  59,  54,  68,  14,  54,  25,  11,  51,  59,  39,  52,  25,  14,  67,  84,  42,  41,  41,  65,  85,  37,  51,  43,  83,  81,  35,  41,  52,  31,  19,  25,  47,  37,  53,  48,  66,  51,  26,  37,  47,  51,  90,  49,  15,  64,  76   ]
[75,  33,  35,  36,  68,  63,  34,  39,  67,  20,  74,  78,  57,   0,  62,  26,  87,  31,  12,  66,  84,  72,  34,  66,  55,  30,  53,  82,  50,  32,  38,  24,  39,  66,  66,  23,  14,  30,  24,  13,  89,  40,  57,  40,  93,  68,  50,  39, 101,  79,  42,  88,  65,  45,   3,   3,  58,  46,   3,  78,  51, 103,  83,  50,  21,  35,  52,  79,  63,  33,  66,  94,  78,  54,  79, 100,  86,  59,  80,  46,  24,  24,  51,  55,  31,  53,  26,  55,   8,  45, 103,  31,  52,  91, 103,  49,  26,  57,  75,  89   ]
[30,  78,  27,  74,  75,  13,  61,  78,   9,  42,  47,  51,  13,  62,   0,  76,  27,  80,  52,  16,  27,  34,  43,  46,   7,  41,  38,  43,  59,  58,  54,  53,  84,  64,  76,  40,  48,  32,  76,  64,  38,  85,  66,  30,  33,  40,  55,  30,  41,  19,  22,  73,   7,  78,  64,  59,  61,  15,  59,  17,  10,  42,  47,  32,  53,  27,  26,  57,  78,  53,  30,  32,  55,  81,  24,  40,  31,  78,  72,  30,  42,  52,  24,  31,  32,  39,  46,  46,  53,  62,  42,  30,  29,  35,  42,  89,  48,  27,  54,  65   ]
[80,   7,  50,  13,  52,  81,  22,  16,  83,  36,  72,  75,  75,  26,  76,   0,  98,   5,  37,  85,  93,  75,  35,  63,  69,  54,  77,  83,  76,  58,  30,  50,  12,  54,  49,  44,  34,  50,   4,  14,  94,  13,  44,  63, 103,  68,  41,  61, 111,  95,  60,  77,  77,  22,  25,  26,  47,  62,  27,  92,  67, 114,  83,  53,  23,  50,  74,  73,  44,  59,  70, 105,  73,  31,  87, 109,  94,  39,  69,  52,  34,  25,  58,  78,  51,  53,  51,  51,  32,  32, 115,  50,  57,  99, 114,  23,  28,  79,  70,  82   ]
[25,  99,  52,  93,  83,  35,  79,  96,  27,  67,  45,  48,  38,  87,  27,  98,   0, 101,  78,  35,   8,  32,  63,  50,  33,  69,  62,  35,  84,  85,  72,  80, 104,  71,  85,  67,  73,  59,  99,  88,  21, 105,  77,  57,   6,  42,  68,  57,  14,  22,  49,  71,  22,  95,  90,  85,  71,  42,  84,  14,  37,  16,  39,  46,  75,  52,  51,  55,  89,  80,  33,   9,  53,  96,  13,  13,  10,  90,  73,  47,  65,  73,  40,  55,  59,  50,  73,  56,  79,  77,  17,  57,  43,  12,  16, 107,  70,  50,  54,  59   ]
[83,   4,  54,  12,  51,  85,  24,  13,  87,  41,  74,  76,  79,  31,  80,   5, 101,   0,  42,  89,  96,  77,  38,  64,  73,  59,  82,  85,  81,  63,  32,  55,   8,  54,  48,  49,  39,  55,   8,  19,  96,   9,  43,  67, 106,  69,  42,  66, 114,  99,  65,  77,  81,  20,  30,  31,  47,  66,  32,  96,  71, 118,  84,  56,  27,  54,  79,  74,  42,  64,  73, 109,  74,  29,  90, 112,  97,  37,  68,  55,  39,  28,  61,  83,  56,  55,  56,  52,  37,  32, 118,  54,  59, 102, 118,  18,  32,  84,  70,  82   ]
[69,  43,  26,  44,  72,  52,  39,  48,  56,  15,  72,  75,  46,  12,  52,  37,  78,  42,   0,  55,  76,  67,  33,  64,  46,  18,  41,  78,  40,  23,  40,  14,  49,  68,  70,  12,   8,  20,  35,  23,  82,  50,  61,  29,  84,  65,  52,  27,  92,  68,  31,  88,  56,  53,  15,  11,  60,  37,  10,  68,  42,  94,  79,  46,  24,  26,  40,  78,  68,  23,  61,  84,  76,  61,  71,  91,  79,  65,  82,  42,  21,  26,  45,  43,  20,  51,  14,  54,   5,  49,  94,  22,  48,  84,  94,  59,  27,  45,  74,  87   ]
[45,  89,  35,  85,  90,   4,  73,  89,   8,  49,  63,  67,  10,  66,  16,  85,  35,  89,  55,   0,  38,  49,  56,  62,  21,  40,  28,  58,  50,  55,  67,  52,  94,  80,  91,  44,  53,  36,  85,  72,  51,  95,  81,  28,  41,  56,  70,  29,  46,  15,  25,  89,  22,  90,  69,  64,  76,  24,  64,  21,  20,  45,  62,  47,  62,  35,  18,  73,  93,  49,  46,  36,  71,  95,  37,  47,  42,  92,  88,  44,  51,  62,  39,  21,  35,  54,  45,  61,  58,  76,  45,  36,  44,  46,  45, 101,  59,  16,  70,  81   ]
[17,  94,  50,  88,  75,  37,  74,  91,  30,  64,  37,  40,  39,  84,  27,  93,   8,  96,  76,  38,   0,  24,  58,  42,  31,  68,  65,  27,  86,  85,  66,  79,  98,  64,  78,  65,  71,  58,  94,  84,  14,  99,  70,  57,  10,  35,  61,  57,  18,  28,  48,  63,  21,  89,  87,  81,  64,  40,  81,  18,  36,  22,  31,  40,  70,  50,  53,  47,  82,  80,  26,  16,  45,  89,   6,  16,   4,  83,  65,  41,  61,  69,  35,  58,  57,  44,  72,  49,  77,  71,  23,  55,  37,   8,  22, 101,  65,  53,  46,  51   ]
[7,  74,  42,  68,  51,  47,  54,  70,  41,  53,  14,  18,  45,  72,  34,  75,  32,  77,  67,  49,  24,   0,  41,  18,  32,  65,  70,  11,  88,  82,  46,  74,  78,  40,  54,  58,  60,  52,  77,  68,  19,  79,  46,  57,  34,  11,  39,  56,  41,  45,  47,  41,  27,  67,  74,  69,  40,  38,  69,  36,  36,  46,  14,  23,  55,  42,  58,  25,  58,  78,   6,  40,  22,  67,  19,  39,  23,  60,  42,  26,  48,  52,  22,  64,  52,  22,  68,  27,  66,  49,  47,  49,  20,  27,  46,  79,  49,  60,  23,  31   ]
[45,  36,  22,  31,  42,  51,  17,  34,  52,  19,  41,  44,  46,  34,  43,  35,  63,  38,  33,  56,  58,  41,   0,  32,  36,  40,  58,  50,  67,  54,  12,  45,  41,  35,  41,  29,  25,  29,  37,  28,  59,  42,  30,  41,  67,  35,  20,  40,  76,  63,  34,  56,  43,  35,  35,  31,  28,  32,  31,  58,  35,  79,  50,  18,  14,  22,  50,  46,  41,  52,  35,  71,  44,  39,  52,  74,  59,  38,  49,  16,  12,  11,  23,  56,  30,  20,  40,  21,  30,  21,  80,  26,  21,  64,  79,  46,   8,  55,  41,  55   ]
[26,  61,  43,  53,  33,  59,  41,  55,  55,  49,   9,  12,  55,  66,  46,  63,  50,  64,  64,  62,  42,  18,  32,   0,  42,  67,  77,  21,  92,  82,  33,  74,  64,  21,  35,  57,  56,  54,  65,  59,  36,  64,  28,  62,  52,   8,  23,  61,  59,  61,  52,  28,  41,  51,  68,  63,  22,  44,  63,  53,  45,  64,  20,  19,  46,  43,  66,  14,  40,  79,  18,  59,  12,  50,  37,  57,  42,  42,  26,  24,  43,  43,  25,  72,  54,  13,  68,  12,  61,  33,  65,  50,  20,  45,  64,  63,  40,  69,  10,  24   ]
[30,  71,  20,  67,  69,  17,  54,  71,  16,  35,  44,  48,  14,  55,   7,  69,  33,  73,  46,  21,  31,  32,  36,  42,   0,  37,  38,  42,  57,  54,  47,  48,  77,  59,  70,  34,  41,  27,  69,  57,  40,  78,  60,  27,  38,  37,  49,  26,  46,  26,  17,  69,  10,  71,  58,  52,  55,   9,  52,  23,   5,  48,  45,  26,  45,  20,  26,  54,  72,  49,  27,  38,  51,  74,  27,  46,  34,  72,  67,  23,  35,  44,  18,  32,  26,  33,  41,  40,  47,  55,  48,  24,  23,  39,  48,  82,  41,  28,  51,  62   ]
[65,  60,  23,  60,  82,  38,  52,  64,  43,  22,  73,  77,  32,  30,  41,  54,  69,  59,  18,  40,  68,  65,  40,  67,  37,   0,  23,  76,  27,  17,  51,  12,  66,  75,  81,  12,  21,  13,  53,  40,  77,  67,  71,  13,  75,  65,  60,  12,  82,  55,  20,  94,  47,  68,  33,  29,  69,  28,  28,  57,  32,  82,  78,  47,  37,  23,  23,  80,  80,  13,  59,  73,  78,  75,  64,  82,  71,  77,  88,  42,  29,  39,  43,  25,  13,  54,   5,  59,  23,  60,  83,  17,  48,  76,  82,  75,  38,  28,  77,  90   ]
[67,  83,  36,  82,  99,  28,  72,  86,  35,  43,  81,  85,  25,  53,  38,  77,  62,  82,  41,  28,  65,  70,  58,  77,  38,  23,   0,  80,  22,  31,  70,  32,  89,  90,  98,  33,  43,  29,  76,  63,  76,  90,  88,  16,  68,  74,  77,  18,  74,  43,  26, 105,  45,  89,  56,  52,  85,  33,  51,  49,  33,  73,  83,  59,  58,  36,  12,  90,  98,  25,  64,  64,  88,  96,  62,  75,  68,  96, 102,  54,  48,  59,  52,   7,  28,  66,  27,  72,  46,  79,  73,  32,  57,  72,  73,  97,  57,  12,  87,  99   ]
[14,  81,  53,  74,  52,  56,  61,  76,  50,  63,  13,  14,  55,  82,  43,  83,  35,  85,  78,  58,  27,  11,  50,  21,  42,  76,  80,   0,  98,  93,  53,  85,  85,  41,  55,  69,  70,  63,  85,  77,  17,  85,  49,  68,  35,  15,  44,  67,  41,  52,  57,  36,  36,  73,  84,  79,  43,  49,  79,  43,  47,  47,   4,  32,  64,  53,  68,  21,  60,  89,  17,  43,  19,  71,  24,  38,  25,  63,  39,  36,  58,  61,  33,  74,  63,  30,  78,  33,  76,  54,  48,  59,  30,  26,  47,  85,  58,  70,  21,  24   ]
[86,  83,  49,  84, 109,  49,  78,  88,  57,  49,  97, 101,  46,  50,  59,  76,  84,  81,  40,  50,  86,  88,  67,  92,  57,  27,  22,  98,   0,  19,  77,  26,  89, 102, 108,  38,  46,  39,  74,  63,  96,  90,  97,  31,  90,  90,  87,  32,  96,  65,  41, 120,  65,  93,  52,  50,  95,  50,  49,  70,  52,  95, 101,  73,  62,  49,  33, 106, 106,  17,  82,  86, 104, 101,  83,  97,  89, 103, 115,  68,  56,  64,  68,  29,  38,  80,  27,  85,  45,  87,  95,  42,  72,  94,  95,  98,  64,  34, 102, 115   ]
[82,  65,  40,  67,  94,  53,  62,  71,  59,  35,  89,  93,  48,  32,  58,  58,  85,  63,  23,  55,  85,  82,  54,  82,  54,  17,  31,  93,  19,   0,  63,   9,  70,  89,  93,  25,  30,  30,  55,  45,  94,  71,  83,  28,  91,  82,  74,  28,  99,  70,  37, 109,  64,  75,  33,  32,  82,  45,  31,  73,  49,  98,  95,  64,  46,  40,  36,  96,  91,   5,  76,  89,  95,  84,  81,  98,  88,  87, 103,  59,  42,  49,  60,  36,  29,  70,  14,  74,  28,  72,  99,  33,  64,  93,  98,  80,  49,  40,  92, 106   ]
[51,  29,  34,  22,  32,  63,   8,  25,  63,  29,  42,  45,  58,  38,  54,  30,  72,  32,  40,  67,  66,  46,  12,  33,  47,  51,  70,  53,  77,  63,   0,  53,  33,  28,  30,  39,  33,  41,  33,  28,  65,  33,  21,  53,  76,  38,  13,  51,  84,  74,  46,  51,  53,  24,  38,  35,  21,  43,  36,  68,  47,  88,  52,  25,  17,  34,  62,  44,  29,  61,  41,  80,  43,  27,  60,  82,  67,  27,  43,  26,  22,  14,  32,  67,  41,  23,  50,  21,  36,   9,  89,  38,  29,  71,  88,  35,  14,  67,  40,  53   ]
[75,  57,  32,  58,  85,  49,  53,  62,  55,  25,  81,  85,  44,  24,  53,  50,  80,  55,  14,  52,  79,  74,  45,  74,  48,  12,  32,  85,  26,   9,  53,   0,  62,  80,  84,  17,  21,  22,  48,  36,  87,  63,  74,  24,  86,  74,  64,  23,  94,  66,  31, 100,  58,  67,  26,  24,  73,  39,  23,  68,  43,  94,  87,  55,  37,  32,  34,  88,  82,   9,  68,  85,  86,  75,  75,  93,  82,  78,  94,  50,  33,  40,  52,  35,  22,  61,   7,  65,  19,  62,  94,  25,  56,  87,  94,  72,  40,  39,  84,  98   ]
[84,   6,  59,  11,  47,  90,  25,   9,  92,  47,  73,  75,  84,  39,  84,  12, 104,   8,  49,  94,  98,  78,  41,  64,  77,  66,  89,  85,  89,  70,  33,  62,   0,  51,  43,  56,  45,  61,  15,  26,  98,   1,  40,  74, 108,  70,  41,  72, 117, 103,  70,  74,  84,  15,  37,  38,  45,  71,  39,  99,  75, 120,  84,  58,  32,  59,  85,  73,  38,  71,  74, 112,  72,  23,  93, 115,  99,  33,  65,  57,  43,  33,  64,  89,  62,  56,  63,  52,  44,  31, 121,  60,  62, 104, 120,  11,  36,  90,  69,  81   ]
[47,  50,  54,  42,  12,  76,  33,  42,  73,  54,  28,  28,  72,  66,  64,  54,  71,  54,  68,  80,  64,  40,  35,  21,  59,  75,  90,  41, 102,  89,  28,  80,  51,   0,  14,  64,  60,  63,  57,  55,  57,  52,  11,  74,  73,  29,  16,  73,  81,  81,  65,  23,  60,  37,  67,  63,   8,  59,  64,  73,  61,  86,  38,  33,  45,  54,  81,  23,  20,  87,  39,  80,  23,  32,  59,  78,  63,  23,  15,  37,  47,  42,  41,  87,  64,  25,  76,  19,  64,  22,  87,  60,  36,  66,  86,  48,  41,  85,  21,  29   ]
[61,  43,  62,  36,   4,  87,  32,  35,  85,  59,  42,  42,  82,  66,  76,  49,  85,  48,  70,  91,  78,  54,  41,  35,  70,  81,  98,  55, 108,  93,  30,  84,  43,  14,   0,  69,  63,  70,  53,  54,  71,  43,  10,  82,  87,  43,  22,  80,  95,  94,  73,  32,  72,  28,  66,  64,  15,  69,  64,  86,  71, 100,  53,  44,  47,  62,  90,  37,   6,  92,  52,  94,  37,  21,  72,  92,  77,  11,  23,  47,  52,  44,  52,  95,  71,  37,  80,  30,  66,  21, 101,  67,  47,  80, 100,  37,  44,  94,  35,  42   ]
[59,  49,  16,  49,  71,  40,  41,  53,  45,  11,  64,  68,  34,  23,  40,  44,  67,  49,  12,  44,  65,  58,  29,  57,  34,  12,  33,  69,  38,  25,  39,  17,  56,  64,  69,   0,  10,   8,  43,  30,  72,  57,  59,  18,  73,  57,  49,  17,  81,  57,  19,  83,  45,  56,  25,  21,  58,  25,  20,  57,  30,  82,  71,  38,  25,  16,  30,  71,  68,  23,  52,  73,  69,  64,  61,  80,  68,  66,  78,  34,  17,  27,  36,  34,   9,  44,  11,  48,  14,  49,  82,  10,  39,  73,  82,  64,  26,  35,  67,  81   ]
[62,  39,  21,  39,  65,  50,  32,  43,  53,   7,  64,  67,  43,  14,  48,  34,  73,  39,   8,  53,  71,  60,  25,  56,  41,  21,  43,  70,  46,  30,  33,  21,  45,  60,  63,  10,   0,  17,  33,  20,  76,  46,  53,  29,  79,  57,  44,  27,  87,  65,  28,  80,  51,  47,  17,  11,  52,  32,  11,  64,  37,  89,  72,  38,  17,  21,  40,  70,  61,  29,  54,  80,  68,  55,  66,  86,  73,  58,  74,  34,  13,  19,  38,  44,  18,  43,  19,  46,   6,  42,  89,  18,  40,  78,  89,  54,  19,  46,  66,  79   ]
[53,  55,  10,  53,  71,  33,  43,  57,  37,  14,  60,  64,  26,  30,  32,  50,  59,  55,  20,  36,  58,  52,  29,  54,  27,  13,  29,  63,  39,  30,  41,  22,  61,  63,  70,   8,  17,   0,  50,  37,  65,  62,  60,  13,  65,  52,  49,  11,  73,  49,  11,  81,  37,  60,  33,  28,  57,  17,  28,  49,  22,  74,  65,  34,  29,  10,  24,  67,  70,  26,  46,  65,  65,  66,  53,  72,  60,  67,  76,  29,  19,  30,  30,  28,   1,  41,  16,  46,  22,  50,  74,   4,  34,  65,  74,  69,  28,  29,  64,  77   ]
[82,  11,  50,  17,  56,  81,  25,  19,  83,  36,  75,  77,  75,  24,  76,   4,  99,   8,  35,  85,  94,  77,  37,  65,  69,  53,  76,  85,  74,  55,  33,  48,  15,  57,  53,  43,  33,  50,   0,  13,  96,  16,  47,  62, 104,  70,  44,  60, 112,  95,  60,  81,  78,  26,  22,  24,  50,  62,  25,  93,  67, 115,  85,  55,  24,  50,  73,  76,  48,  57,  72, 106,  75,  35,  89, 111,  96,  43,  72,  53,  35,  26,  59,  77,  51,  55,  49,  53,  30,  35, 116,  49,  58, 100, 115,  26,  29,  79,  72,  85   ]
[72,  20,  38,  22,  57,  68,  22,  26,  71,  23,  68,  71,  62,  13,  64,  14,  88,  19,  23,  72,  84,  68,  28,  59,  57,  40,  63,  77,  63,  45,  28,  36,  26,  55,  54,  30,  20,  37,  13,   0,  86,  27,  46,  49,  93,  63,  40,  47, 102,  83,  47,  78,  66,  31,  13,  12,  48,  50,  13,  81,  54, 104,  78,  46,  14,  38,  60,  71,  50,  46,  63,  95,  70,  40,  78, 100,  85,  46,  70,  43,  23,  16,  49,  64,  38,  47,  37,  47,  18,  34, 105,  36,  49,  90, 104,  36,  20,  66,  67,  81   ]
[14,  93,  56,  87,  68,  49,  73,  89,  42,  69,  29,  31,  51,  89,  38,  94,  21,  96,  82,  51,  14,  19,  59,  36,  40,  77,  76,  17,  96,  94,  65,  87,  98,  57,  71,  72,  76,  65,  96,  86,   0,  98,  65,  67,  19,  29,  58,  66,  25,  41,  57,  52,  31,  86,  91,  86,  58,  49,  86,  32,  45,  30,  20,  41,  73,  56,  64,  37,  76,  89,  24,  27,  36,  86,  14,  22,  10,  78,  56,  43,  65,  70,  38,  69,  65,  42,  80,  46,  82,  68,  31,  62,  38,  10,  30,  98,  67,  65,  38,  40   ]
[85,   7,  60,  11,  47,  91,  25,   9,  93,  48,  74,  75,  85,  40,  85,  13, 105,   9,  50,  95,  99,  79,  42,  64,  78,  67,  90,  85,  90,  71,  33,  63,   1,  52,  43,  57,  46,  62,  16,  27,  98,   0,  40,  75, 109,  70,  42,  73, 117, 104,  71,  74,  85,  15,  38,  39,  45,  72,  40, 100,  76, 121,  85,  59,  33,  60,  86,  73,  37,  72,  75, 113,  73,  23,  93, 115, 100,  32,  65,  58,  44,  34,  64,  90,  63,  57,  64,  53,  45,  31, 122,  61,  62, 104, 121,  10,  37,  91,  70,  81   ]
[53,  39,  52,  31,  11,  77,  24,  31,  75,  49,  37,  37,  72,  57,  66,  44,  77,  43,  61,  81,  70,  46,  30,  28,  60,  71,  88,  49,  97,  83,  21,  74,  40,  11,  10,  59,  53,  60,  47,  46,  65,  40,   0,  72,  80,  36,  11,  70,  87,  84,  63,  34,  63,  26,  58,  55,   6,  59,  56,  77,  61,  92,  48,  34,  38,  52,  79,  34,  12,  82,  44,  85,  34,  22,  64,  85,  69,  14,  25,  37,  42,  35,  42,  85,  60,  28,  70,  21,  57,  13,  93,  56,  37,  73,  92,  37,  34,  84,  31,  41   ]
[56,  67,  20,  66,  82,  25,  56,  70,  31,  27,  67,  71,  20,  40,  30,  63,  57,  67,  29,  28,  57,  57,  41,  62,  27,  13,  16,  68,  31,  28,  53,  24,  74,  74,  82,  18,  29,  13,  62,  49,  67,  75,  72,   0,  63,  60,  61,   2,  70,  42,  11,  90,  36,  73,  43,  39,  68,  19,  38,  45,  22,  70,  71,  43,  42,  20,  12,  76,  82,  23,  52,  61,  74,  79,  54,  70,  60,  80,  86,  38,  32,  43,  38,  15,  12,  51,  17,  56,  32,  63,  71,  15,  42,  65,  70,  81,  41,  17,  72,  85   ]
[26, 103,  58,  98,  85,  41,  83, 100,  33,  72,  46,  49,  44,  93,  33, 103,   6, 106,  84,  41,  10,  34,  67,  52,  38,  75,  68,  35,  90,  91,  76,  86, 108,  73,  87,  73,  79,  65, 104,  93,  19, 109,  80,  63,   0,  44,  71,  63,   9,  27,  55,  71,  28,  99,  95,  90,  73,  48,  90,  20,  43,  13,  39,  50,  80,  58,  57,  56,  92,  86,  36,   9,  54,  99,  16,   7,  10,  93,  74,  51,  70,  78,  45,  61,  65,  54,  79,  59,  85,  81,  13,  63,  47,   9,  13, 111,  74,  56,  55,  59   ]
[18,  66,  42,  59,  40,  53,  46,  61,  49,  50,   7,  11,  51,  68,  40,  68,  42,  69,  65,  56,  35,  11,  35,   8,  37,  65,  74,  15,  90,  82,  38,  74,  70,  29,  43,  57,  57,  52,  70,  63,  29,  70,  36,  60,  44,   0,  29,  58,  52,  54,  49,  33,  34,  58,  70,  65,  29,  41,  65,  46,  41,  57,  15,  19,  49,  42,  62,  17,  48,  78,  11,  51,  14,  57,  30,  49,  34,  49,  32,  23,  44,  46,  22,  68,  53,  15,  68,  17,  63,  39,  58,  49,  18,  37,  57,  70,  43,  65,  14,  25   ]
[45,  38,  40,  31,  22,  66,  19,  32,  64,  39,  32,  34,  61,  50,  55,  41,  68,  42,  52,  70,  61,  39,  20,  23,  49,  60,  77,  44,  87,  74,  13,  64,  41,  16,  22,  49,  44,  49,  44,  40,  58,  42,  11,  61,  71,  29,   0,  59,  79,  74,  52,  38,  53,  29,  51,  47,   8,  47,  48,  67,  50,  84,  43,  24,  30,  40,  68,  32,  23,  72,  36,  77,  32,  28,  56,  77,  61,  23,  30,  26,  32,  26,  31,  74,  50,  18,  60,  12,  48,  10,  85,  46,  27,  65,  84,  41,  25,  73,  28,  41   ]
[55,  66,  18,  64,  81,  26,  54,  68,  32,  25,  66,  70,  20,  39,  30,  61,  57,  66,  27,  29,  57,  56,  40,  61,  26,  12,  18,  67,  32,  28,  51,  23,  72,  73,  80,  17,  27,  11,  60,  47,  66,  73,  70,   2,  63,  58,  59,   0,  71,  43,  10,  89,  36,  71,  42,  37,  67,  18,  36,  45,  21,  71,  70,  42,  40,  18,  13,  74,  80,  23,  51,  61,  72,  77,  53,  70,  60,  78,  84,  37,  30,  41,  36,  17,  10,  49,  17,  55,  31,  61,  71,  13,  41,  65,  71,  80,  39,  19,  71,  84   ]
[34, 112,  66, 106,  92,  47,  92, 109,  40,  81,  53,  55,  51, 101,  41, 111,  14, 114,  92,  46,  18,  41,  76,  59,  46,  82,  74,  41,  96,  99,  84,  94, 117,  81,  95,  81,  87,  73, 112, 102,  25, 117,  87,  70,   9,  52,  79,  71,   0,  32,  63,  77,  36, 107, 104,  98,  81,  56,  98,  26,  51,   6,  45,  59,  88,  66,  64,  62,  99,  93,  44,  10,  60, 107,  24,   3,  18, 101,  81,  60,  79,  87,  53,  67,  73,  62,  87,  67,  93,  89,   7,  71,  55,  15,   6, 119,  83,  62,  62,  64   ]
[39,  98,  45,  94,  92,  17,  80,  97,  12,  60,  59,  63,  23,  79,  19,  95,  22,  99,  68,  15,  28,  45,  63,  61,  26,  55,  43,  52,  65,  70,  74,  66, 103,  81,  94,  57,  65,  49,  95,  83,  41, 104,  84,  42,  27,  54,  74,  43,  32,   0,  37,  86,  21,  97,  82,  77,  79,  33,  76,   9,  28,  30,  56,  50,  72,  45,  34,  70,  97,  64,  43,  22,  68, 100,  29,  33,  31,  97,  87,  48,  61,  71,  42,  36,  48,  57,  60,  64,  70,  81,  30,  48,  47,  34,  30, 108,  67,  31,  68,  76   ]
[46,  64,  12,  62,  74,  21,  50,  66,  25,  24,  56,  60,  15,  42,  22,  60,  49,  65,  31,  25,  48,  47,  34,  52,  17,  20,  26,  57,  41,  37,  46,  31,  70,  65,  73,  19,  28,  11,  60,  47,  57,  71,  63,  11,  55,  49,  52,  10,  63,  37,   0,  80,  27,  68,  45,  40,  59,   9,  39,  38,  12,  63,  60,  33,  38,  12,  16,  65,  74,  32,  41,  54,  63,  73,  44,  62,  51,  72,  76,  28,  27,  38,  27,  22,  11,  40,  24,  47,  33,  55,  64,  11,  32,  56,  63,  77,  36,  21,  62,  74   ]
[48,  73,  71,  65,  28,  86,  56,  65,  81,  74,  27,  23,  83,  88,  73,  77,  71,  77,  88,  89,  63,  41,  56,  28,  69,  94, 105,  36, 120, 109,  51, 100,  74,  23,  32,  83,  80,  81,  81,  78,  52,  74,  34,  90,  71,  33,  38,  89,  77,  86,  80,   0,  67,  59,  89,  85,  31,  72,  85,  77,  73,  83,  32,  47,  67,  71,  94,  16,  39, 106,  44,  79,  19,  53,  59,  74,  61,  43,   9,  52,  67,  64,  53, 100,  81,  40,  95,  35,  85,  46,  84,  77,  48,  62,  83,  69,  62,  97,  19,  13   ]
[23,  79,  30,  74,  71,  20,  60,  77,  14,  45,  40,  44,  20,  65,   7,  77,  22,  81,  56,  22,  21,  27,  43,  41,  10,  47,  45,  36,  65,  64,  53,  58,  84,  60,  72,  45,  51,  37,  78,  66,  31,  85,  63,  36,  28,  34,  53,  36,  36,  21,  27,  67,   0,  77,  68,  62,  57,  19,  62,  15,  15,  38,  40,  29,  54,  30,  34,  51,  75,  59,  23,  29,  48,  79,  17,  35,  24,  75,  66,  28,  43,  52,  22,  39,  37,  35,  51,  42,  57,  60,  39,  34,  26,  29,  38,  88,  49,  34,  48,  58   ]
[74,  16,  56,   9,  32,  86,  17,   7,  86,  46,  61,  62,  80,  45,  78,  22,  95,  20,  53,  90,  89,  67,  35,  51,  71,  68,  89,  73,  93,  75,  24,  67,  15,  37,  28,  56,  47,  60,  26,  31,  86,  15,  26,  73,  99,  58,  29,  71, 107,  97,  68,  59,  77,   0,  44,  43,  31,  66,  44,  92,  70, 111,  71,  49,  31,  56,  83,  59,  23,  76,  64, 103,  59,   9,  83, 105,  89,  18,  50,  49,  41,  30,  56,  88,  61,  45,  66,  40,  48,  18, 112,  58,  52,  93, 111,  12,  32,  88,  56,  66   ]
[77,  32,  38,  35,  69,  66,  34,  38,  70,  23,  76,  80,  59,   3,  64,  25,  90,  30,  15,  69,  87,  74,  35,  68,  58,  33,  56,  84,  52,  33,  38,  26,  37,  67,  66,  25,  17,  33,  22,  13,  91,  38,  58,  43,  95,  70,  51,  42, 104,  82,  45,  89,  68,  44,   0,   5,  59,  49,   6,  81,  54, 106,  85,  52,  22,  38,  55,  81,  63,  35,  69,  96,  79,  53,  82, 103,  89,  59,  81,  48,  26,  25,  53,  58,  34,  55,  28,  56,  11,  45, 106,  34,  54,  94, 106,  47,  27,  60,  76,  90   ]
[72,  32,  32,  35,  66,  61,  32,  38,  65,  17,  71,  75,  54,   3,  59,  26,  85,  31,  11,  64,  81,  69,  31,  63,  52,  29,  52,  79,  50,  32,  35,  24,  38,  63,  64,  21,  11,  28,  24,  12,  86,  39,  55,  39,  90,  65,  47,  37,  98,  77,  40,  85,  62,  43,   5,   0,  56,  44,   1,  76,  49, 100,  80,  47,  18,  32,  51,  76,  61,  33,  63,  91,  75,  52,  76,  97,  83,  57,  78,  43,  21,  21,  48,  54,  29,  50,  25,  52,   7,  43, 101,  29,  49,  89, 100,  48,  23,  56,  72,  86   ]
[47,  43,  48,  35,  14,  72,  26,  36,  70,  47,  30,  31,  68,  58,  61,  47,  71,  47,  60,  76,  64,  40,  28,  22,  55,  69,  85,  43,  95,  82,  21,  73,  45,   8,  15,  58,  52,  57,  50,  48,  58,  45,   6,  68,  73,  29,   8,  67,  81,  79,  59,  31,  57,  31,  59,  56,   0,  54,  56,  72,  57,  86,  41,  29,  38,  48,  76,  28,  18,  80,  38,  79,  28,  28,  58,  79,  63,  20,  22,  32,  40,  35,  37,  81,  58,  22,  69,  15,  56,  15,  87,  54,  32,  67,  86,  42,  33,  80,  25,  36   ]
[37,  65,  12,  61,  69,  20,  49,  65,  21,  27,  48,  52,  14,  46,  15,  62,  42,  66,  37,  24,  40,  38,  32,  44,   9,  28,  33,  49,  50,  45,  43,  39,  71,  59,  69,  25,  32,  17,  62,  50,  49,  72,  59,  19,  48,  41,  47,  18,  56,  33,   9,  72,  19,  66,  49,  44,  54,   0,  43,  32,   5,  57,  52,  26,  39,  12,  22,  57,  70,  41,  32,  47,  55,  71,  36,  55,  43,  69,  69,  22,  27,  38,  19,  28,  17,  34,  32,  40,  38,  52,  57,  15,  25,  48,  57,  77,  35,  26,  54,  66   ]
[72,  33,  32,  35,  67,  60,  33,  39,  64,  17,  72,  75,  54,   3,  59,  27,  84,  32,  10,  64,  81,  69,  31,  63,  52,  28,  51,  79,  49,  31,  36,  23,  39,  64,  64,  20,  11,  28,  25,  13,  86,  40,  56,  38,  90,  65,  48,  36,  98,  76,  39,  85,  62,  44,   6,   1,  56,  43,   0,  75,  48, 100,  80,  47,  18,  32,  50,  76,  62,  32,  63,  90,  75,  53,  76,  97,  83,  58,  78,  43,  21,  21,  48,  53,  28,  50,  24,  52,   6,  43, 100,  28,  49,  88, 100,  49,  23,  55,  72,  86   ]
[30,  94,  44,  89,  85,  21,  75,  93,  14,  59,  51,  54,  25,  78,  17,  92,  14,  96,  68,  21,  18,  36,  58,  53,  23,  57,  49,  43,  70,  73,  68,  68,  99,  73,  86,  57,  64,  49,  93,  81,  32, 100,  77,  45,  20,  46,  67,  45,  26,   9,  38,  77,  15,  92,  81,  76,  72,  32,  75,   0,  27,  26,  47,  44,  69,  44,  38,  61,  90,  68,  35,  16,  59,  95,  19,  26,  22,  90,  78,  43,  58,  67,  37,  42,  48,  50,  61,  57,  70,  75,  26,  47,  40,  25,  26, 104,  64,  37,  59,  67   ]
[34,  69,  17,  66,  71,  16,  53,  69,  17,  32,  48,  52,  11,  51,  10,  67,  37,  71,  42,  20,  36,  36,  35,  45,   5,  32,  33,  47,  52,  49,  47,  43,  75,  61,  71,  30,  37,  22,  67,  54,  45,  76,  61,  22,  43,  41,  50,  21,  51,  28,  12,  73,  15,  70,  54,  49,  57,   5,  48,  27,   0,  52,  50,  28,  43,  17,  22,  57,  73,  44,  31,  43,  55,  74,  32,  50,  39,  72,  70,  24,  32,  43,  20,  28,  22,  35,  36,  42,  43,  55,  52,  20,  26,  44,  52,  81,  39,  25,  54,  66   ]
[39, 115,  68, 110,  97,  46,  96, 113,  39,  83,  59,  61,  51, 103,  42, 114,  16, 118,  94,  45,  22,  46,  79,  64,  48,  82,  73,  47,  95,  98,  88,  94, 120,  86, 100,  82,  89,  74, 115, 104,  30, 121,  92,  70,  13,  57,  84,  71,   6,  30,  63,  83,  38, 111, 106, 100,  86,  57, 100,  26,  52,   0,  51,  62,  91,  68,  63,  67, 104,  93,  48,   9,  66, 112,  28,   9,  23, 106,  86,  63,  81,  89,  57,  66,  74,  66,  87,  72,  95,  93,   1,  72,  59,  20,   0, 123,  86,  61,  67,  70   ]
[17,  81,  55,  73,  49,  60,  60,  75,  54,  65,  11,  11,  59,  83,  47,  83,  39,  84,  79,  62,  31,  14,  50,  20,  45,  78,  83,   4, 101,  95,  52,  87,  84,  38,  53,  71,  72,  65,  85,  78,  20,  85,  48,  71,  39,  15,  43,  70,  45,  56,  60,  32,  40,  71,  85,  80,  41,  52,  80,  47,  50,  51,   0,  33,  64,  55,  72,  17,  58,  91,  19,  47,  16,  69,  28,  42,  29,  61,  36,  37,  59,  61,  35,  77,  66,  30,  81,  32,  77,  53,  52,  62,  32,  30,  51,  83,  58,  74,  18,  20   ]
[27,  53,  24,  47,  43,  43,  33,  50,  41,  32,  26,  30,  39,  50,  32,  53,  46,  56,  46,  47,  40,  23,  18,  19,  26,  47,  59,  32,  73,  64,  25,  55,  58,  33,  44,  38,  38,  34,  55,  46,  41,  59,  34,  43,  50,  19,  24,  42,  59,  50,  33,  47,  29,  49,  52,  47,  29,  26,  47,  44,  28,  62,  33,   0,  32,  24,  48,  33,  46,  60,  17,  54,  31,  51,  35,  57,  41,  46,  43,   5,  26,  30,   8,  54,  35,   8,  49,  14,  44,  31,  63,  31,   4,  46,  62,  61,  26,  52,  29,  43   ]
[59,  26,  27,  24,  49,  58,  16,  28,  60,  15,  55,  58,  52,  21,  53,  23,  75,  27,  24,  62,  70,  55,  14,  46,  45,  37,  58,  64,  62,  46,  17,  37,  32,  45,  47,  25,  17,  29,  24,  14,  73,  33,  38,  42,  80,  49,  30,  40,  88,  72,  38,  67,  54,  31,  22,  18,  38,  39,  18,  69,  43,  91,  64,  32,   0,  27,  53,  59,  45,  46,  49,  82,  58,  38,  65,  87,  72,  41,  60,  30,  11,   3,  35,  57,  30,  34,  35,  34,  19,  25,  92,  28,  35,  77,  91,  39,   6,  58,  55,  68   ]
[43,  53,   0,  50,  62,  31,  38,  54,  33,  15,  49,  53,  25,  35,  27,  50,  52,  54,  26,  35,  50,  42,  22,  43,  20,  23,  36,  53,  49,  40,  34,  32,  59,  54,  62,  16,  21,  10,  50,  38,  56,  60,  52,  20,  58,  42,  40,  18,  66,  45,  12,  71,  30,  56,  38,  32,  48,  12,  32,  44,  17,  68,  55,  24,  27,   0,  28,  57,  62,  36,  36,  59,  55,  61,  45,  65,  52,  61,  66,  19,  16,  27,  20,  34,  11,  31,  26,  36,  27,  43,  68,   7,  24,  57,  68,  66,  24,  33,  53,  67   ]
[55,  79,  28,  77,  90,  17,  66,  81,  24,  38,  69,  74,  14,  52,  26,  74,  51,  79,  40,  18,  53,  58,  50,  66,  26,  23,  12,  68,  33,  36,  62,  34,  85,  81,  90,  30,  40,  24,  73,  60,  64,  86,  79,  12,  57,  62,  68,  13,  64,  34,  16,  94,  34,  83,  55,  51,  76,  22,  50,  38,  22,  63,  72,  48,  53,  28,   0,  79,  90,  31,  53,  54,  77,  89,  51,  64,  57,  89,  91,  44,  42,  53,  41,   6,  23,  56,  28,  62,  44,  71,  63,  25,  47,  61,  63,  92,  51,   5,  76,  88   ]
[31,  70,  57,  63,  33,  70,  51,  64,  65,  63,  10,   7,  67,  79,  57,  73,  55,  74,  78,  73,  47,  25,  46,  14,  54,  80,  90,  21, 106,  96,  44,  88,  73,  23,  37,  71,  70,  67,  76,  71,  37,  73,  34,  76,  56,  17,  32,  74,  62,  70,  65,  16,  51,  59,  81,  76,  28,  57,  76,  61,  57,  67,  17,  33,  59,  57,  79,   0,  43,  93,  27,  63,   2,  55,  43,  59,  45,  46,  19,  38,  57,  56,  38,  85,  68,  27,  82,  25,  75,  42,  68,  64,  33,  47,  67,  70,  53,  82,   4,  10   ]
[65,  38,  62,  31,  10,  89,  29,  29,  87,  58,  48,  47,  84,  63,  78,  44,  89,  42,  68,  93,  82,  58,  41,  40,  72,  80,  98,  60, 106,  91,  29,  82,  38,  20,   6,  68,  61,  70,  48,  50,  76,  37,  12,  82,  92,  48,  23,  80,  99,  97,  74,  39,  75,  23,  63,  61,  18,  70,  62,  90,  73, 104,  58,  46,  45,  62,  90,  43,   0,  90,  56,  98,  43,  15,  77,  97,  81,   5,  29,  49,  51,  42,  54,  96,  71,  40,  79,  33,  64,  20, 105,  67,  50,  85, 104,  31,  42,  95,  40,  48   ]
[78,  66,  36,  67,  93,  47,  61,  71,  54,  33,  85,  90,  42,  33,  53,  59,  80,  64,  23,  49,  80,  78,  52,  79,  49,  13,  25,  89,  17,   5,  61,   9,  71,  87,  92,  23,  29,  26,  57,  46,  89,  72,  82,  23,  86,  78,  72,  23,  93,  64,  32, 106,  59,  76,  35,  33,  80,  41,  32,  68,  44,  93,  91,  60,  46,  36,  31,  93,  90,   0,  72,  84,  91,  84,  76,  93,  83,  87, 100,  55,  40,  48,  56,  31,  25,  67,  11,  71,  28,  70,  93,  30,  60,  88,  93,  81,  48,  35,  89, 103   ]
[10,  70,  36,  63,  50,  43,  49,  66,  38,  47,  17,  21,  41,  66,  30,  70,  33,  73,  61,  46,  26,   6,  35,  18,  27,  59,  64,  17,  82,  76,  41,  68,  74,  39,  52,  52,  54,  46,  72,  63,  24,  75,  44,  52,  36,  11,  36,  51,  44,  43,  41,  44,  23,  64,  69,  63,  38,  32,  63,  35,  31,  48,  19,  17,  49,  36,  53,  27,  56,  72,   0,  41,  25,  64,  20,  41,  26,  58,  43,  20,  42,  47,  16,  59,  46,  18,  62,  24,  60,  45,  49,  43,  14,  30,  48,  76,  43,  55,  25,  35   ]
[33, 107,  59, 101,  91,  37,  87, 104,  30,  74,  54,  56,  41,  94,  32, 105,   9, 109,  84,  36,  16,  40,  71,  59,  38,  73,  64,  43,  86,  89,  80,  85, 112,  80,  94,  73,  80,  65, 106,  95,  27, 113,  85,  61,   9,  51,  77,  61,  10,  22,  54,  79,  29, 103,  96,  91,  79,  47,  90,  16,  43,   9,  47,  54,  82,  59,  54,  63,  98,  84,  41,   0,  61, 104,  21,  12,  18,  99,  82,  55,  72,  81,  48,  57,  64,  59,  78,  65,  85,  85,  10,  63,  51,  18,   9, 115,  77,  52,  63,  67   ]
[29,  70,  55,  62,  34,  68,  50,  63,  63,  61,   8,   5,  65,  78,  55,  73,  53,  74,  76,  71,  45,  22,  44,  12,  51,  78,  88,  19, 104,  95,  43,  86,  72,  23,  37,  69,  68,  65,  75,  70,  36,  73,  34,  74,  54,  14,  32,  72,  60,  68,  63,  19,  48,  59,  79,  75,  28,  55,  75,  59,  55,  66,  16,  31,  58,  55,  77,   2,  43,  91,  25,  61,   0,  55,  41,  57,  43,  46,  20,  36,  55,  54,  36,  83,  66,  25,  80,  23,  73,  41,  67,  62,  31,  45,  66,  70,  52,  80,   3,  12   ]
[73,  25,  61,  18,  25,  90,  23,  16,  90,  53,  58,  59,  85,  54,  81,  31,  96,  29,  61,  95,  89,  67,  39,  50,  74,  75,  96,  71, 101,  84,  27,  75,  23,  32,  21,  64,  55,  66,  35,  40,  86,  23,  22,  79,  99,  57,  28,  77, 107, 100,  73,  53,  79,   9,  53,  52,  28,  71,  53,  95,  74, 112,  69,  51,  38,  61,  89,  55,  15,  84,  64, 104,  55,   0,  84, 105,  89,  10,  44,  52,  47,  37,  58,  94,  67,  46,  73,  40,  56,  19, 113,  64,  54,  93, 112,  16,  38,  94,  52,  61   ]
[12,  88,  45,  82,  70,  36,  68,  85,  29,  59,  33,  36,  37,  79,  24,  87,  13,  90,  71,  37,   6,  19,  52,  37,  27,  64,  62,  24,  83,  81,  60,  75,  93,  59,  72,  61,  66,  53,  89,  78,  14,  93,  64,  54,  16,  30,  56,  53,  24,  29,  44,  59,  17,  83,  82,  76,  58,  36,  76,  19,  32,  28,  28,  35,  65,  45,  51,  43,  77,  76,  20,  21,  41,  84,   0,  22,   7,  78,  61,  36,  56,  63,  30,  55,  53,  38,  68,  44,  72,  65,  29,  50,  31,  12,  28,  95,  59,  51,  42,  48   ]
[32, 110,  65, 104,  89,  47,  90, 107,  40,  80,  50,  52,  51, 100,  40, 109,  13, 112,  91,  47,  16,  39,  74,  57,  46,  82,  75,  38,  97,  98,  82,  93, 115,  78,  92,  80,  86,  72, 111, 100,  22, 115,  85,  70,   7,  49,  77,  70,   3,  33,  62,  74,  35, 105, 103,  97,  79,  55,  97,  26,  50,   9,  42,  57,  87,  65,  64,  59,  97,  93,  41,  12,  57, 105,  22,   0,  16,  98,  78,  58,  77,  85,  52,  68,  72,  60,  86,  65,  92,  87,  10,  70,  53,  12,   9, 117,  81,  63,  59,  61   ]
[16,  95,  52,  89,  74,  41,  74,  91,  34,  66,  36,  38,  43,  86,  31,  94,  10,  97,  79,  42,   4,  23,  59,  42,  34,  71,  68,  25,  89,  88,  67,  82,  99,  63,  77,  68,  73,  60,  96,  85,  10, 100,  69,  60,  10,  34,  61,  60,  18,  31,  51,  61,  24,  89,  89,  83,  63,  43,  83,  22,  39,  23,  29,  41,  72,  52,  57,  45,  81,  83,  26,  18,  43,  89,   7,  16,   0,  83,  64,  43,  63,  70,  37,  61,  60,  44,  75,  49,  79,  71,  24,  58,  38,   5,  23, 101,  66,  56,  45,  49   ]
[67,  33,  61,  26,  15,  88,  26,  24,  87,  55,  50,  50,  83,  59,  78,  39,  90,  37,  65,  92,  83,  60,  38,  42,  72,  77,  96,  63, 103,  87,  27,  78,  33,  23,  11,  66,  58,  67,  43,  46,  78,  32,  14,  80,  93,  49,  23,  78, 101,  97,  72,  43,  75,  18,  59,  57,  20,  69,  58,  90,  72, 106,  61,  46,  41,  61,  89,  46,   5,  87,  58,  99,  46,  10,  78,  98,  83,   0,  34,  49,  48,  39,  54,  94,  68,  40,  76,  34,  60,  17, 107,  65,  50,  87, 106,  26,  40,  93,  43,  52   ]
[49,  64,  66,  56,  19,  84,  48,  56,  81,  68,  28,  25,  81,  80,  72,  69,  73,  68,  82,  88,  65,  42,  49,  26,  67,  88, 102,  39, 115, 103,  43,  94,  65,  15,  23,  78,  74,  76,  72,  70,  56,  65,  25,  86,  74,  32,  30,  84,  81,  87,  76,   9,  66,  50,  81,  78,  22,  69,  78,  78,  70,  86,  36,  43,  60,  66,  91,  19,  29, 100,  43,  82,  20,  44,  61,  78,  64,  34,   0,  48,  61,  57,  50,  97,  77,  36,  89,  30,  78,  37,  87,  72,  45,  66,  86,  60,  55,  95,  19,  20   ]
[29,  52,  19,  47,  47,  40,  33,  50,  38,  27,  30,  34,  35,  46,  30,  52,  47,  55,  42,  44,  41,  26,  16,  24,  23,  42,  54,  36,  68,  59,  26,  50,  57,  37,  47,  34,  34,  29,  53,  43,  43,  58,  37,  38,  51,  23,  26,  37,  60,  48,  28,  52,  28,  49,  48,  43,  32,  22,  43,  43,  24,  63,  37,   5,  30,  19,  44,  38,  49,  55,  20,  55,  36,  52,  36,  58,  43,  49,  48,   0,  22,  27,   6,  50,  30,  12,  44,  18,  40,  33,  64,  26,   6,  48,  63,  61,  24,  48,  34,  48   ]
[51,  38,  16,  35,  53,  47,  24,  39,  49,   7,  51,  55,  41,  24,  42,  34,  65,  39,  21,  51,  61,  48,  12,  43,  35,  29,  48,  58,  56,  42,  22,  33,  43,  47,  52,  17,  13,  19,  35,  23,  65,  44,  42,  32,  70,  44,  32,  30,  79,  61,  27,  67,  43,  41,  26,  21,  40,  27,  21,  58,  32,  81,  59,  26,  11,  16,  42,  57,  51,  40,  42,  72,  55,  47,  56,  77,  63,  48,  61,  22,   0,  11,  27,  47,  20,  30,  29,  33,  18,  31,  82,  17,  28,  68,  81,  50,   9,  47,  53,  66   ]
[56,  27,  27,  24,  46,  58,  14,  28,  59,  16,  52,  55,  52,  24,  52,  25,  73,  28,  26,  62,  69,  52,  11,  43,  44,  39,  59,  61,  64,  49,  14,  40,  33,  42,  44,  27,  19,  30,  26,  16,  70,  34,  35,  43,  78,  46,  26,  41,  87,  71,  38,  64,  52,  30,  25,  21,  35,  38,  21,  67,  43,  89,  61,  30,   3,  27,  53,  56,  42,  48,  47,  81,  54,  37,  63,  85,  70,  39,  57,  27,  11,   0,  33,  58,  31,  31,  37,  31,  22,  23,  90,  28,  33,  75,  89,  39,   4,  59,  52,  65   ]
[24,  59,  20,  53,  51,  35,  39,  56,  33,  31,  29,  34,  31,  51,  24,  58,  40,  61,  45,  39,  35,  22,  23,  25,  18,  43,  52,  33,  68,  60,  32,  52,  64,  41,  52,  36,  38,  30,  59,  49,  38,  64,  42,  38,  45,  22,  31,  36,  53,  42,  27,  53,  22,  56,  53,  48,  37,  19,  48,  37,  20,  57,  35,   8,  35,  20,  41,  38,  54,  56,  16,  48,  36,  58,  30,  52,  37,  54,  50,   6,  27,  33,   0,  47,  31,  15,  46,  22,  44,  39,  57,  27,   5,  42,  57,  67,  30,  45,  35,  48   ]
[61,  83,  34,  81,  96,  21,  71,  85,  28,  42,  75,  79,  19,  55,  31,  78,  55,  83,  43,  21,  58,  64,  56,  72,  32,  25,   7,  74,  29,  36,  67,  35,  89,  87,  95,  34,  44,  28,  77,  64,  69,  90,  85,  15,  61,  68,  74,  17,  67,  36,  22, 100,  39,  88,  58,  54,  81,  28,  53,  42,  28,  66,  77,  54,  57,  34,   6,  85,  96,  31,  59,  57,  83,  94,  55,  68,  61,  94,  97,  50,  47,  58,  47,   0,  27,  62,  30,  68,  47,  77,  66,  30,  52,  65,  66,  97,  56,   5,  82,  94   ]
[53,  56,  11,  54,  72,  32,  44,  58,  36,  15,  60,  64,  25,  31,  32,  51,  59,  56,  20,  35,  57,  52,  30,  54,  26,  13,  28,  63,  38,  29,  41,  22,  62,  64,  71,   9,  18,   1,  51,  38,  65,  63,  60,  12,  65,  53,  50,  10,  73,  48,  11,  81,  37,  61,  34,  29,  58,  17,  28,  48,  22,  74,  66,  35,  30,  11,  23,  68,  71,  25,  46,  64,  66,  67,  53,  72,  60,  68,  77,  30,  20,  31,  31,  27,   0,  42,  15,  47,  23,  51,  74,   4,  35,  65,  74,  70,  29,  28,  64,  78   ]
[28,  52,  31,  45,  36,  51,  31,  48,  48,  36,  21,  25,  47,  53,  39,  53,  50,  55,  51,  54,  44,  22,  20,  13,  33,  54,  66,  30,  80,  70,  23,  61,  56,  25,  37,  44,  43,  41,  55,  47,  42,  57,  28,  51,  54,  15,  18,  49,  62,  57,  40,  40,  35,  45,  55,  50,  22,  34,  50,  50,  35,  66,  30,   8,  34,  31,  56,  27,  40,  67,  18,  59,  25,  46,  38,  60,  44,  40,  36,  12,  30,  31,  15,  62,  42,   0,  55,   7,  49,  27,  67,  38,  10,  48,  66,  57,  28,  60,  23,  37   ]
[68,  57,  26,  58,  82,  42,  51,  62,  48,  22,  75,  79,  37,  26,  46,  51,  73,  56,  14,  45,  72,  68,  40,  68,  41,   5,  27,  78,  27,  14,  50,   7,  63,  76,  80,  11,  19,  16,  49,  37,  80,  64,  70,  17,  79,  68,  60,  17,  87,  60,  24,  95,  51,  66,  28,  25,  69,  32,  24,  61,  36,  87,  81,  49,  35,  26,  28,  82,  79,  11,  62,  78,  80,  73,  68,  86,  75,  76,  89,  44,  29,  37,  46,  30,  15,  55,   0,  60,  19,  60,  87,  19,  50,  80,  87,  72,  37,  33,  78,  92   ]
[33,  49,  36,  42,  29,  58,  28,  44,  55,  39,  22,  24,  53,  55,  46,  51,  56,  52,  54,  61,  49,  27,  21,  12,  40,  59,  72,  33,  85,  74,  21,  65,  52,  19,  30,  48,  46,  46,  53,  47,  46,  53,  21,  56,  59,  17,  12,  55,  67,  64,  47,  35,  42,  40,  56,  52,  15,  40,  52,  57,  42,  72,  32,  14,  34,  36,  62,  25,  33,  71,  24,  65,  23,  40,  44,  65,  49,  34,  30,  18,  33,  31,  22,  68,  47,   7,  60,   0,  51,  22,  73,  43,  17,  53,  72,  52,  29,  66,  20,  34   ]
[68,  38,  27,  39,  68,  54,  34,  43,  58,  13,  69,  73,  48,   8,  53,  32,  79,  37,   5,  58,  77,  66,  30,  61,  47,  23,  46,  76,  45,  28,  36,  19,  44,  64,  66,  14,   6,  22,  30,  18,  82,  45,  57,  32,  85,  63,  48,  31,  93,  70,  33,  85,  57,  48,  11,   7,  56,  38,   6,  70,  43,  95,  77,  44,  19,  27,  44,  75,  64,  28,  60,  85,  73,  56,  72,  92,  79,  60,  78,  40,  18,  22,  44,  47,  23,  49,  19,  51,   0,  45,  95,  23,  46,  84,  95,  53,  23,  49,  71,  85   ]
[55,  28,  43,  21,  23,  72,  11,  22,  71,  38,  42,  44,  66,  45,  62,  32,  77,  32,  49,  76,  71,  49,  21,  33,  55,  60,  79,  54,  87,  72,   9,  62,  31,  22,  21,  49,  42,  50,  35,  34,  68,  31,  13,  63,  81,  39,  10,  61,  89,  81,  55,  46,  60,  18,  45,  43,  15,  52,  43,  75,  55,  93,  53,  31,  25,  43,  71,  42,  20,  70,  45,  85,  41,  19,  65,  87,  71,  17,  37,  33,  31,  23,  39,  77,  51,  27,  60,  22,  45,   0,  94,  47,  35,  75,  93,  30,  23,  76,  38,  50   ]
[40, 116,  68, 110,  98,  46,  96, 113,  40,  83,  59,  62,  51, 103,  42, 115,  17, 118,  94,  45,  23,  47,  80,  65,  48,  83,  73,  48,  95,  99,  89,  94, 121,  87, 101,  82,  89,  74, 116, 105,  31, 122,  93,  71,  13,  58,  85,  71,   7,  30,  64,  84,  39, 112, 106, 101,  87,  57, 100,  26,  52,   1,  52,  63,  92,  68,  63,  68, 105,  93,  49,  10,  67, 113,  29,  10,  24, 107,  87,  64,  82,  90,  57,  66,  74,  67,  87,  73,  95,  94,   0,  72,  60,  21,   1, 124,  87,  61,  68,  71   ]
[49,  54,   7,  52,  68,  32,  41,  56,  35,  13,  56,  60,  26,  31,  30,  50,  57,  54,  22,  36,  55,  49,  26,  50,  24,  17,  32,  59,  42,  33,  38,  25,  60,  60,  67,  10,  18,   4,  49,  36,  62,  61,  56,  15,  63,  49,  46,  13,  71,  48,  11,  77,  34,  58,  34,  29,  54,  15,  28,  47,  20,  72,  62,  31,  28,   7,  25,  64,  67,  30,  43,  63,  62,  64,  50,  70,  58,  65,  72,  26,  17,  28,  27,  30,   4,  38,  19,  43,  23,  47,  72,   0,  31,  63,  72,  67,  26,  30,  60,  73   ]
[24,  57,  24,  51,  46,  41,  37,  54,  38,  33,  25,  29,  37,  52,  29,  57,  43,  59,  48,  44,  37,  20,  21,  20,  23,  48,  57,  30,  72,  64,  29,  56,  62,  36,  47,  39,  40,  34,  58,  49,  38,  62,  37,  42,  47,  18,  27,  41,  55,  47,  32,  48,  26,  52,  54,  49,  32,  25,  49,  40,  26,  59,  32,   4,  35,  24,  47,  33,  50,  60,  14,  51,  31,  54,  31,  53,  38,  50,  45,   6,  28,  33,   5,  52,  35,  10,  50,  17,  46,  35,  60,  31,   0,  42,  59,  64,  29,  50,  30,  43   ]
[20,  99,  57,  93,  77,  45,  79,  96,  38,  71,  38,  40,  47,  91,  35,  99,  12, 102,  84,  46,   8,  27,  64,  45,  39,  76,  72,  26,  94,  93,  71,  87, 104,  66,  80,  73,  78,  65, 100,  90,  10, 104,  73,  65,   9,  37,  65,  65,  15,  34,  56,  62,  29,  93,  94,  89,  67,  48,  88,  25,  44,  20,  30,  46,  77,  57,  61,  47,  85,  88,  30,  18,  45,  93,  12,  12,   5,  87,  66,  48,  68,  75,  42,  65,  65,  48,  80,  53,  84,  75,  21,  63,  42,   0,  20, 105,  71,  61,  47,  50   ]
[39, 115,  68, 110,  97,  46,  96, 113,  39,  83,  59,  61,  51, 103,  42, 114,  16, 118,  94,  45,  22,  46,  79,  64,  48,  82,  73,  47,  95,  98,  88,  94, 120,  86, 100,  82,  89,  74, 115, 104,  30, 121,  92,  70,  13,  57,  84,  71,   6,  30,  63,  83,  38, 111, 106, 100,  86,  57, 100,  26,  52,   0,  51,  62,  91,  68,  63,  67, 104,  93,  48,   9,  66, 112,  28,   9,  23, 106,  86,  63,  81,  89,  57,  66,  74,  66,  87,  72,  95,  93,   1,  72,  59,  20,   0, 123,  86,  61,  67,  70   ]
[86,  16,  66,  15,  41,  96,  28,  11,  97,  54,  72,  73,  90,  49,  89,  23, 107,  18,  59, 101, 101,  79,  46,  63,  82,  75,  97,  85,  98,  80,  35,  72,  11,  48,  37,  64,  54,  69,  26,  36,  98,  10,  37,  81, 111,  70,  41,  80, 119, 108,  77,  69,  88,  12,  47,  48,  42,  77,  49, 104,  81, 123,  83,  61,  39,  66,  92,  70,  31,  81,  76, 115,  70,  16,  95, 117, 101,  26,  60,  61,  50,  39,  67,  97,  70,  57,  72,  52,  53,  30, 124,  67,  64, 105, 123,   0,  42,  97,  67,  77   ]
[53,  30,  24,  27,  45,  55,  15,  30,  56,  15,  49,  52,  49,  26,  48,  28,  70,  32,  27,  59,  65,  49,   8,  40,  41,  38,  57,  58,  64,  49,  14,  40,  36,  41,  44,  26,  19,  28,  29,  20,  67,  37,  34,  41,  74,  43,  25,  39,  83,  67,  36,  62,  49,  32,  27,  23,  33,  35,  23,  64,  39,  86,  58,  26,   6,  24,  51,  53,  42,  48,  43,  77,  52,  38,  59,  81,  66,  40,  55,  24,   9,   4,  30,  56,  29,  28,  37,  29,  23,  23,  87,  26,  29,  71,  86,  42,   0,  56,  49,  63   ]
[57,  84,  33,  82,  94,  16,  71,  86,  23,  43,  72,  76,  15,  57,  27,  79,  50,  84,  45,  16,  53,  60,  55,  69,  28,  28,  12,  70,  34,  40,  67,  39,  90,  85,  94,  35,  46,  29,  79,  66,  65,  91,  84,  17,  56,  65,  73,  19,  62,  31,  21,  97,  34,  88,  60,  56,  80,  26,  55,  37,  25,  61,  74,  52,  58,  33,   5,  82,  95,  35,  55,  52,  80,  94,  51,  63,  56,  93,  95,  48,  47,  59,  45,   5,  28,  60,  33,  66,  49,  76,  61,  30,  50,  61,  61,  97,  56,   0,  79,  90   ]
[30,  67,  53,  59,  31,  67,  47,  60,  63,  59,   9,   7,  64,  75,  54,  70,  54,  70,  74,  70,  46,  23,  41,  10,  51,  77,  87,  21, 102,  92,  40,  84,  69,  21,  35,  67,  66,  64,  72,  67,  38,  70,  31,  72,  55,  14,  28,  71,  62,  68,  62,  19,  48,  56,  76,  72,  25,  54,  72,  59,  54,  67,  18,  29,  55,  53,  76,   4,  40,  89,  25,  63,   3,  52,  42,  59,  45,  43,  19,  34,  53,  52,  35,  82,  64,  23,  78,  20,  71,  38,  68,  60,  30,  47,  67,  67,  49,  79,   0,  14   ]
[37,  79,  67,  71,  38,  78,  60,  71,  72,  73,  18,  14,  76,  89,  65,  82,  59,  82,  87,  81,  51,  31,  55,  24,  62,  90,  99,  24, 115, 106,  53,  98,  81,  29,  42,  81,  79,  77,  85,  81,  40,  81,  41,  85,  59,  25,  41,  84,  64,  76,  74,  13,  58,  66,  90,  86,  36,  66,  86,  67,  66,  70,  20,  43,  68,  67,  88,  10,  48, 103,  35,  67,  12,  61,  48,  61,  49,  52,  20,  48,  66,  65,  48,  94,  78,  37,  92,  34,  85,  50,  71,  73,  43,  50,  70,  77,  63,  90,  14,   0   ]
];