//número de Pontos
 n = 40


//Coordenadas dos Pontos 
85, 76
45, 43
21, 97
39, 33
93, 50
61, 31
91, 32
80, 60
15, 83
69, 87
96, 54
2, 1
55, 84
66, 84
17, 83
99, 41
57, 17
83, 96
54, 93
92, 7
100, 56
23, 38
75, 83
91, 5
63, 31
59, 91
36, 73
68, 6
81, 24
75, 65
28, 79
93, 9
75, 44
33, 72
58, 88
95, 2
3, 46
14, 79
80, 20
13, 2


D = [
   [0,  52,  67,  63,  27,  51,  44,  17,  70,  19,  25, 112,  31,  21,  68,  38,  65,  20,  35,  69,  25,  73,  12,  71,  50,  30,  49,  72,  52,  15,  57,  67,  34,  52,  30,  75,  87,  71,  56, 103  ],
[52,   0,  59,  12,  49,  20,  47,  39,  50,  50,  52,  60,  42,  46,  49,  54,  29,  65,  51,  59,  57,  23,  50,  60,  22,  50,  31,  44,  41,  37,  40,  59,  30,  31,  47,  65,  42,  48,  42,  52  ],
[67,  59,   0,  66,  86,  77,  96,  70,  15,  49,  86,  98,  36,  47,  15,  96,  88,  62,  33, 115,  89,  59,  56, 116,  78,  38,  28, 102,  94,  63,  19, 114,  76,  28,  38, 120,  54,  19,  97,  95  ],
[63,  12,  66,   0,  57,  22,  52,  49,  55,  62,  61,  49,  53,  58,  55,  61,  24,  77,  62,  59,  65,  17,  62,  59,  24,  61,  40,  40,  43,  48,  47,  59,  38,  39,  58,  64,  38,  52,  43,  40  ],
[27,  49,  86,  57,   0,  37,  18,  16,  85,  44,   5, 103,  51,  43,  83,  11,  49,  47,  58,  43,   9,  71,  38,  45,  36,  53,  61,  51,  29,  23,  71,  41,  19,  64,  52,  48,  90,  84,  33,  93  ],
[51,  20,  77,  22,  37,   0,  30,  35,  69,  57,  42,  66,  53,  53,  68,  39,  15,  69,  62,  39,  46,  39,  54,  40,   2,  60,  49,  26,  21,  37,  58,  39,  19,  50,  57,  45,  60,  67,  22,  56  ],
[44,  47,  96,  52,  18,  30,   0,  30,  92,  59,  23,  94,  63,  58,  90,  12,  37,  64,  71,  25,  26,  68,  53,  27,  28,  67,  69,  35,  13,  37,  79,  23,  20,  70,  65,  30,  89,  90,  16,  84  ],
[17,  39,  70,  49,  16,  35,  30,   0,  69,  29,  17,  98,  35,  28,  67,  27,  49,  36,  42,  54,  20,  61,  24,  56,  34,  37,  46,  55,  36,   7,  55,  53,  17,  49,  36,  60,  78,  69,  40,  89  ],
[70,  50,  15,  55,  85,  69,  92,  69,   0,  54,  86,  83,  40,  51,   2,  94,  78,  69,  40, 108,  89,  46,  60, 109,  71,  45,  23,  93,  89,  63,  14, 108,  72,  21,  43, 114,  39,   4,  91,  81  ],
[19,  50,  49,  62,  44,  57,  59,  29,  54,   0,  43, 109,  14,   4,  52,  55,  71,  17,  16,  83,  44,  67,   7,  85,  56,  11,  36,  81,  64,  23,  42,  82,  43,  39,  11,  89,  78,  56,  68, 102  ],
[25,  52,  86,  61,   5,  42,  23,  17,  86,  43,   0, 108,  51,  42,  84,  13,  54,  44,  57,  47,   4,  75,  36,  49,  40,  52,  63,  56,  34,  24,  72,  45,  23,  66,  51,  52,  93,  86,  38,  98  ],
[112,  60,  98,  49, 103,  66,  94,  98,  83, 109, 108,   0,  98, 105,  83, 105,  57, 125, 106,  90, 112,  43, 110,  89,  68, 107,  80,  66,  82,  97,  82,  91,  85,  77, 103,  93,  45,  79,  80,  11  ],
[31,  42,  36,  53,  51,  53,  63,  35,  40,  14,  51,  98,   0,  11,  38,  62,  67,  30,   9,  85,  53,  56,  20,  87,  54,   8,  22,  79,  65,  28,  27,  84,  45,  25,   5,  91,  64,  41,  69,  92  ],
[21,  46,  47,  58,  43,  53,  58,  28,  51,   4,  42, 105,  11,   0,  49,  54,  68,  21,  15,  81,  44,  63,   9,  83,  53,  10,  32,  78,  62,  21,  38,  80,  41,  35,   9,  87,  74,  52,  66,  98  ],
[68,  49,  15,  55,  83,  68,  90,  67,   2,  52,  84,  83,  38,  49,   0,  92,  77,  67,  38, 107,  87,  45,  58, 108,  69,  43,  21,  92,  87,  61,  12, 106,  70,  19,  41, 112,  40,   5,  89,  81  ],
[38,  54,  96,  61,  11,  39,  12,  27,  94,  55,  13, 105,  62,  54,  92,   0,  48,  57,  69,  35,  15,  76,  48,  37,  37,  64,  71,  47,  25,  34,  81,  33,  24,  73,  62,  39,  96,  93,  28,  94  ],
[65,  29,  88,  24,  49,  15,  37,  49,  78,  71,  54,  57,  67,  68,  77,  48,   0,  83,  76,  36,  58,  40,  68,  36,  15,  74,  60,  16,  25,  51,  68,  37,  32,  60,  71,  41,  61,  75,  23,  46  ],
[20,  65,  62,  77,  47,  69,  64,  36,  69,  17,  44, 125,  30,  21,  67,  57,  83,   0,  29,  89,  43,  83,  15,  91,  68,  25,  52,  91,  72,  32,  58,  88,  53,  55,  26,  95,  94,  71,  76, 117  ],
[35,  51,  33,  62,  58,  62,  71,  42,  40,  16,  57, 106,   9,  15,  38,  69,  76,  29,   0,  94,  59,  63,  23,  95,  63,   5,  27,  88,  74,  35,  30,  93,  53,  30,   6, 100,  69,  42,  77, 100  ],
[69,  59, 115,  59,  43,  39,  25,  54, 108,  83,  47,  90,  85,  81, 107,  35,  36,  89,  94,   0,  50,  76,  78,   2,  38,  90,  87,  24,  20,  60,  96,   2,  41,  88,  88,   6,  97, 106,  18,  79  ],
[25,  57,  89,  65,   9,  46,  26,  20,  89,  44,   4, 112,  53,  44,  87,  15,  58,  43,  59,  50,   0,  79,  37,  52,  45,  54,  66,  59,  37,  27,  76,  48,  28,  69,  53,  54,  98,  89,  41, 102  ],
[73,  23,  59,  17,  71,  39,  68,  61,  46,  67,  75,  43,  56,  63,  45,  76,  40,  83,  63,  76,  79,   0,  69,  76,  41,  64,  37,  55,  60,  59,  41,  76,  52,  35,  61,  80,  22,  42,  60,  37  ],
[12,  50,  56,  62,  38,  54,  53,  24,  60,   7,  36, 110,  20,   9,  58,  48,  68,  15,  23,  78,  37,  69,   0,  80,  53,  18,  40,  77,  59,  18,  47,  76,  39,  43,  18,  83,  81,  61,  63, 102  ],
[71,  60, 116,  59,  45,  40,  27,  56, 109,  85,  49,  89,  87,  83, 108,  37,  36,  91,  95,   2,  52,  76,  80,   0,  38,  92,  87,  23,  21,  62,  97,   4,  42,  89,  89,   5,  97, 107,  19,  78  ],
[50,  22,  78,  24,  36,   2,  28,  34,  71,  56,  40,  68,  54,  53,  69,  37,  15,  68,  63,  38,  45,  41,  53,  38,   0,  60,  50,  25,  19,  36,  59,  37,  18,  51,  57,  43,  62,  69,  20,  58  ],
[30,  50,  38,  61,  53,  60,  67,  37,  45,  11,  52, 107,   8,  10,  43,  64,  74,  25,   5,  90,  54,  64,  18,  92,  60,   0,  29,  85,  71,  31,  33,  89,  50,  32,   3,  96,  72,  47,  74, 100  ],
[49,  31,  28,  40,  61,  49,  69,  46,  23,  36,  63,  80,  22,  32,  21,  71,  60,  52,  27,  87,  66,  37,  40,  87,  50,  29,   0,  74,  67,  40,  10,  86,  49,   3,  27,  92,  43,  23,  69,  75  ],
[72,  44, 102,  40,  51,  26,  35,  55,  93,  81,  56,  66,  79,  78,  92,  47,  16,  91,  88,  24,  59,  55,  77,  23,  25,  85,  74,   0,  22,  59,  83,  25,  39,  75,  83,  27,  76,  91,  18,  55  ],
[52,  41,  94,  43,  29,  21,  13,  36,  89,  64,  34,  82,  65,  62,  87,  25,  25,  72,  74,  20,  37,  60,  59,  21,  19,  71,  67,  22,   0,  41,  76,  19,  21,  68,  68,  26,  81,  87,   4,  71  ],
[15,  37,  63,  48,  23,  37,  37,   7,  63,  23,  24,  97,  28,  21,  61,  34,  51,  32,  35,  60,  27,  59,  18,  62,  36,  31,  40,  59,  41,   0,  49,  59,  21,  43,  29,  66,  74,  63,  45,  88  ],
[57,  40,  19,  47,  71,  58,  79,  55,  14,  42,  72,  82,  27,  38,  12,  81,  68,  58,  30,  96,  76,  41,  47,  97,  59,  33,  10,  83,  76,  49,   0,  96,  59,   9,  31, 102,  41,  14,  79,  78  ],
[67,  59, 114,  59,  41,  39,  23,  53, 108,  82,  45,  91,  84,  80, 106,  33,  37,  88,  93,   2,  48,  76,  76,   4,  37,  89,  86,  25,  19,  59,  96,   0,  39,  87,  86,   7,  97, 106,  17,  80  ],
[34,  30,  76,  38,  19,  19,  20,  17,  72,  43,  23,  85,  45,  41,  70,  24,  32,  53,  53,  41,  28,  52,  39,  42,  18,  50,  49,  39,  21,  21,  59,  39,   0,  50,  47,  47,  72,  70,  25,  75  ],
[52,  31,  28,  39,  64,  50,  70,  49,  21,  39,  66,  77,  25,  35,  19,  73,  60,  55,  30,  88,  69,  35,  43,  89,  51,  32,   3,  75,  68,  43,   9,  87,  50,   0,  30,  94,  40,  20,  70,  73  ],
[30,  47,  38,  58,  52,  57,  65,  36,  43,  11,  51, 103,   5,   9,  41,  62,  71,  26,   6,  88,  53,  61,  18,  89,  57,   3,  27,  83,  68,  29,  31,  86,  47,  30,   0,  94,  69,  45,  71,  97  ],
[75,  65, 120,  64,  48,  45,  30,  60, 114,  89,  52,  93,  91,  87, 112,  39,  41,  95, 100,   6,  54,  80,  83,   5,  43,  96,  92,  27,  26,  66, 102,   7,  47,  94,  94,   0, 102, 112,  23,  82  ],
[87,  42,  54,  38,  90,  60,  89,  78,  39,  78,  93,  45,  64,  74,  40,  96,  61,  94,  69,  97,  98,  22,  81,  97,  62,  72,  43,  76,  81,  74,  41,  97,  72,  40,  69, 102,   0,  35,  81,  45  ],
[71,  48,  19,  52,  84,  67,  90,  69,   4,  56,  86,  79,  41,  52,   5,  93,  75,  71,  42, 106,  89,  42,  61, 107,  69,  47,  23,  91,  87,  63,  14, 106,  70,  20,  45, 112,  35,   0,  89,  77  ],
[56,  42,  97,  43,  33,  22,  16,  40,  91,  68,  38,  80,  69,  66,  89,  28,  23,  76,  77,  18,  41,  60,  63,  19,  20,  74,  69,  18,   4,  45,  79,  17,  25,  70,  71,  23,  81,  89,   0,  69  ],
[103,  52,  95,  40,  93,  56,  84,  89,  81, 102,  98,  11,  92,  98,  81,  94,  46, 117, 100,  79, 102,  37, 102,  78,  58, 100,  75,  55,  71,  88,  78,  80,  75,  73,  97,  82,  45,  77,  69,   0   ]
];