//numero de Pontos
 n = 80


//Coordenadas dos Pontos 
9, 5
59, 65
81, 77
4, 94
12, 86
7, 54
59, 87
40, 56
40, 35
61, 83
100, 69
48, 35
47, 41
52, 73
66, 1
89, 67
22, 48
63, 39
80, 8
29, 21
36, 34
36, 46
90, 1
10, 30
49, 12
93, 27
82, 40
56, 51
13, 48
43, 41
23, 56
38, 20
31, 62
46, 51
41, 8
63, 17
37, 31
26, 53
86, 20
2, 76
1, 98
10, 96
30, 10
25, 49
66, 51
100, 10
51, 35
32, 87
53, 86
47, 78
50, 18
82, 30
58, 33
1, 67
71, 17
40, 53
96, 80
35, 10
59, 32
37, 78
84, 94
61, 19
61, 62
61, 5
70, 63
14, 95
30, 51
88, 92
74, 39
30, 23
88, 14
29, 38
87, 25
16, 89
97, 62
35, 5
54, 1
21, 13
2, 59
56, 64


D = [
   [0,  78, 102,  89,  81,  49,  96,  60,  43,  94, 111,  49,  52,  80,  57, 101,  45,  64,  71,  26,  40,  49,  81,  25,  41,  87,  81,  66,  43,  50,  53,  33,  61,  59,  32,  55,  38,  51,  78,  71,  93,  91,  22,  47,  73,  91,  52,  85,  92,  82,  43,  77,  56,  63,  63,  57, 115,  26,  57,  78, 116,  54,  77,  52,  84,  90,  51, 118,  73,  28,  80,  39,  81,  84, 105,  26,  45,  14,  54,  75   ]
[78,   0,  25,  62,  51,  53,  22,  21,  36,  18,  41,  32,  27,  11,  64,  30,  41,  26,  61,  53,  39,  30,  71,  60,  54,  51,  34,  14,  49,  29,  37,  50,  28,  19,  60,  48,  40,  35,  52,  58,  67,  58,  62,  38,  16,  69,  31,  35,  22,  18,  48,  42,  32,  58,  49,  22,  40,  60,  33,  26,  38,  46,   4,  60,  11,  54,  32,  40,  30,  51,  59,  40,  49,  49,  38,  65,  64,  64,  57,   3   ]
[102,  25,   0,  79,  70,  77,  24,  46,  59,  21,  21,  53,  50,  29,  77,  13,  66,  42,  69,  76,  62,  55,  77,  85,  72,  51,  37,  36,  74,  52,  62,  71,  52,  44,  80,  63,  64,  60,  57,  79,  83,  73,  84,  63,  30,  70,  52,  50,  29,  34,  67,  47,  50,  81,  61,  48,  15,  81,  50,  44,  17,  61,  25,  75,  18,  69,  57,  17,  39,  74,  63,  65,  52,  66,  22,  85,  81,  88,  81,  28   ]
[89,  62,  79,   0,  11,  40,  55,  52,  69,  58,  99,  74,  68,  52, 112,  89,  49,  81, 115,  77,  68,  58, 127,  64,  94, 111,  95,  67,  47,  66,  42,  81,  42,  60,  94,  97,  71,  47, 110,  18,   5,   6,  88,  50,  75, 128,  75,  29,  50,  46,  89, 101,  81,  27, 102,  55,  93,  90,  83,  37,  80,  94,  65, 106,  73,  10,  50,  84,  89,  76, 116,  61, 108,  13,  98,  94, 106,  83,  35,  60   ]
[81,  51,  70,  11,   0,  32,  47,  41,  58,  49,  90,  62,  57,  42, 101,  79,  39,  69, 103,  67,  57,  47, 115,  56,  83, 100,  84,  56,  38,  55,  32,  71,  31,  49,  83,  86,  60,  36,  99,  14,  16,  10,  78,  39,  64, 116,  64,  20,  41,  36,  78,  90,  70,  22,  91,  43,  84,  79,  72,  26,  72,  83,  55,  95,  62,   9,  39,  76,  78,  66, 105,  51,  97,   5,  88,  84,  95,  74,  29,  49   ]
[49,  53,  77,  40,  32,   0,  62,  33,  38,  61,  94,  45,  42,  49,  79,  83,  16,  58,  86,  40,  35,  30,  98,  24,  59,  90,  76,  49,   8,  38,  16,  46,  25,  39,  57,  67,  38,  19,  86,  23,  44,  42,  50,  19,  59, 103,  48,  41,  56,  47,  56,  79,  55,  14,  74,  33,  93,  52,  56,  38,  87,  64,  55,  73,  64,  42,  23,  89,  69,  39,  90,  27,  85,  36,  90,  56,  71,  43,   7,  50   ]
[96,  22,  24,  55,  47,  62,   0,  36,  55,   4,  45,  53,  48,  16,  86,  36,  54,  48,  82,  72,  58,  47,  91,  75,  76,  69,  52,  36,  60,  49,  48,  70,  38,  38,  81,  70,  60,  47,  72,  58,  59,  50,  82,  51,  37,  87,  53,  27,   6,  15,  70,  61,  54,  61,  71,  39,  38,  81,  55,  24,  26,  68,  25,  82,  26,  46,  46,  29,  50,  70,  79,  57,  68,  43,  45,  85,  86,  83,  64,  23   ]
[60,  21,  46,  52,  41,  33,  36,   0,  21,  34,  61,  22,  17,  21,  61,  50,  20,  29,  62,  37,  22,  11,  74,  40,  45,  60,  45,  17,  28,  15,  17,  36,  11,   8,  48,  45,  25,  14,  58,  43,  57,  50,  47,  17,  26,  76,  24,  32,  33,  23,  39,  49,  29,  41,  50,   3,  61,  46,  31,  22,  58,  43,  22,  55,  31,  47,  11,  60,  38,  34,  64,  21,  56,  41,  57,  51,  57,  47,  38,  18   ]
[43,  36,  59,  69,  58,  38,  55,  21,   0,  52,  69,   8,   9,  40,  43,  59,  22,  23,  48,  18,   4,  12,  60,  30,  25,  54,  42,  23,  30,   7,  27,  15,  28,  17,  27,  29,   5,  23,  48,  56,  74,  68,  27,  21,  31,  65,  11,  53,  53,  44,  20,  42,  18,  50,  36,  18,  72,  25,  19,  43,  74,  26,  34,  37,  41,  65,  19,  75,  34,  16,  52,  11,  48,  59,  63,  30,  37,  29,  45,  33   ]
[94,  18,  21,  58,  49,  61,   4,  34,  52,   0,  41,  50,  44,  13,  82,  32,  52,  44,  77,  70,  55,  45,  87,  74,  72,  64,  48,  32,  59,  46,  47,  67,  37,  35,  78,  66,  57,  46,  68,  59,  62,  53,  79,  50,  32,  83,  49,  29,   9,  15,  66,  57,  50,  62,  67,  37,  35,  77,  51,  25,  25,  64,  21,  78,  22,  49,  45,  28,  46,  68,  74,  55,  64,  45,  42,  82,  82,  81,  64,  20   ]
[111,  41,  21,  99,  90,  94,  45,  61,  69,  41,   0,  62,  60,  48,  76,  11,  81,  48,  64,  86,  73,  68,  69,  98,  76,  43,  34,  48,  89,  64,  78,  79,  69,  57,  85,  64,  74,  76,  51,  98, 103,  94,  92,  78,  38,  59,  60,  70,  50,  54,  71,  43,  55,  99,  60,  62,  12,  88,  55,  64,  30,  63,  40,  75,  31,  90,  72,  26,  40,  84,  56,  77,  46,  86,   8,  91,  82,  97,  99,  44   ]
[49,  32,  53,  74,  62,  45,  53,  22,   8,  50,  62,   0,   6,  38,  38,  52,  29,  16,  42,  24,  12,  16,  54,  38,  23,  46,  34,  18,  37,   8,  33,  18,  32,  16,  28,  23,  12,  28,  41,  62,  79,  72,  31,  27,  24,  58,   3,  54,  51,  43,  17,  34,  10,  57,  29,  20,  66,  28,  11,  44,  69,  21,  30,  33,  36,  69,  24,  70,  26,  22,  45,  19,  40,  63,  56,  33,  35,  35,  52,  30   ]
[52,  27,  50,  68,  57,  42,  48,  17,   9,  44,  60,   6,   0,  32,  44,  49,  26,  16,  47,  27,  13,  12,  59,  39,  29,  48,  35,  13,  35,   4,  28,  23,  26,  10,  34,  29,  14,  24,  44,  57,  73,  66,  35,  23,  21,  61,   7,  48,  45,  37,  23,  37,  14,  53,  34,  14,  63,  33,  15,  38,  65,  26,  25,  39,  32,  63,  20,  65,  27,  25,  49,  18,  43,  57,  54,  38,  41,  38,  48,  25   ]
[80,  11,  29,  52,  42,  49,  16,  21,  40,  13,  48,  38,  32,   0,  73,  37,  39,  36,  71,  57,  42,  31,  81,  60,  61,  62,  45,  22,  46,  33,  34,  55,  24,  23,  66,  57,  45,  33,  63,  50,  57,  48,  67,  36,  26,  79,  38,  24,  13,   7,  55,  52,  40,  51,  59,  23,  45,  65,  42,  16,  38,  55,  14,  69,  21,  44,  31,  41,  40,  55,  69,  42,  59,  39,  46,  70,  72,  68,  52,  10   ]
[57,  64,  77, 112, 101,  79,  86,  61,  43,  82,  76,  38,  44,  73,   0,  70,  64,  38,  16,  42,  45,  54,  24,  63,  20,  37,  42,  51,  71,  46,  70,  34,  70,  54,  26,  16,  42,  66,  28,  99, 117, 110,  37,  63,  50,  35,  37,  92,  86,  79,  23,  33,  33,  93,  17,  58,  85,  32,  32,  82,  95,  19,  61,   6,  62, 107,  62,  94,  39,  42,  26,  52,  32, 101,  68,  31,  12,  47,  86,  64   ]
[101,  30,  13,  89,  79,  83,  36,  50,  59,  32,  11,  52,  49,  37,  70,   0,  70,  38,  60,  76,  62,  57,  66,  87,  68,  40,  28,  37,  78,  53,  67,  69,  58,  46,  76,  56,  63,  65,  47,  87,  93,  84,  82,  66,  28,  58,  50,  60,  41,  43,  63,  38,  46,  88,  53,  51,  15,  79,  46,  53,  27,  56,  28,  68,  19,  80,  61,  25,  32,  74,  53,  67,  42,  76,   9,  82,  75,  87,  87,  33   ]
[45,  41,  66,  49,  39,  16,  54,  20,  22,  52,  81,  29,  26,  39,  64,  70,   0,  42,  70,  28,  20,  14,  83,  22,  45,  74,  61,  34,   9,  22,   8,  32,  17,  24,  44,  51,  23,   6,  70,  34,  54,  49,  39,   3,  44,  87,  32,  40,  49,  39,  41,  63,  39,  28,  58,  19,  81,  40,  40,  34,  77,  49,  41,  58,  50,  48,   9,  79,  53,  26,  74,  12,  69,  41,  76,  45,  57,  35,  23,  38   ]
[64,  26,  42,  81,  69,  58,  48,  29,  23,  44,  48,  16,  16,  36,  38,  38,  42,   0,  35,  38,  27,  28,  47,  54,  30,  32,  19,  14,  51,  20,  43,  31,  39,  21,  38,  22,  27,  40,  30,  71,  86,  78,  44,  39,  12,  47,  13,  57,  48,  42,  25,  21,   8,  68,  23,  27,  53,  40,   8,  47,  59,  20,  23,  34,  25,  74,  35,  59,  11,  37,  35,  34,  28,  69,  41,  44,  39,  49,  64,  26   ]
[71,  61,  69, 115, 103,  86,  82,  62,  48,  77,  64,  42,  47,  71,  16,  60,  70,  35,   0,  53,  51,  58,  12,  73,  31,  23,  32,  49,  78,  50,  75,  44,  73,  55,  39,  19,  49,  70,  13, 103, 120, 112,  50,  69,  45,  20,  40,  92,  83,  77,  32,  22,  33,  99,  13,  60,  74,  45,  32,  82,  86,  22,  57,  19,  56, 109,  66,  84,  32,  52,  10,  59,  18, 103,  57,  45,  27,  59,  93,  61   ]
[26,  53,  76,  77,  67,  40,  72,  37,  18,  70,  86,  24,  27,  57,  42,  76,  28,  38,  53,   0,  15,  26,  64,  21,  22,  64,  56,  40,  31,  24,  36,   9,  41,  34,  18,  34,  13,  32,  57,  61,  82,  77,  11,  28,  48,  72,  26,  66,  69,  60,  21,  54,  31,  54,  42,  34,  89,  13,  32,  58,  91,  32,  52,  36,  59,  76,  30,  92,  48,   2,  59,  17,  58,  69,  79,  17,  32,  11,  47,  51   ]
[40,  39,  62,  68,  57,  35,  58,  22,   4,  55,  73,  12,  13,  42,  45,  62,  20,  27,  51,  15,   0,  12,  63,  26,  26,  57,  46,  26,  27,  10,  26,  14,  28,  20,  26,  32,   3,  21,  52,  54,  73,  67,  25,  19,  34,  68,  15,  53,  55,  45,  21,  46,  22,  48,  39,  19,  76,  24,  23,  44,  77,  29,  38,  38,  45,  65,  18,  78,  38,  13,  56,   8,  52,  59,  67,  29,  38,  26,  42,  36   ]
[49,  30,  55,  58,  47,  30,  47,  11,  12,  45,  68,  16,  12,  31,  54,  57,  14,  28,  58,  26,  12,   0,  70,  31,  36,  60,  46,  21,  23,   9,  16,  26,  17,  11,  38,  40,  15,  12,  56,  45,  63,  56,  36,  11,  30,  73,  19,  41,  43,  34,  31,  49,  26,  41,  45,   8,  69,  36,  27,  32,  68,  37,  30,  48,  38,  54,   8,  69,  39,  24,  61,  11,  55,  47,  63,  41,  48,  36,  36,  27   ]
[81,  71,  77, 127, 115,  98,  91,  74,  60,  87,  69,  54,  59,  81,  24,  66,  83,  47,  12,  64,  63,  70,   0,  85,  42,  26,  40,  60,  90,  62,  87,  55,  85,  67,  49,  31,  61,  82,  19, 116, 132, 124,  61,  81,  55,  13,  52, 104,  93,  88,  43,  30,  45, 111,  25,  72,  79,  56,  44,  93,  93,  34,  68,  29,  65, 121,  78,  91,  41,  64,  13,  71,  24, 115,  61,  55,  36,  70, 105,  72   ]
[25,  60,  85,  64,  56,  24,  75,  40,  30,  74,  98,  38,  39,  60,  63,  87,  22,  54,  73,  21,  26,  31,  85,   0,  43,  83,  73,  51,  18,  35,  29,  30,  38,  42,  38,  55,  27,  28,  77,  47,  69,  66,  28,  24,  60,  92,  41,  61,  71,  61,  42,  72,  48,  38,  62,  38,  99,  32,  49,  55,  98,  52,  60,  57,  68,  65,  29, 100,  65,  21,  80,  21,  77,  59,  93,  35,  53,  20,  30,  57   ]
[41,  54,  72,  94,  83,  59,  76,  45,  25,  72,  76,  23,  29,  61,  20,  68,  45,  30,  31,  22,  26,  36,  42,  43,   0,  46,  43,  40,  51,  30,  51,  14,  53,  39,   9,  15,  22,  47,  38,  79,  98,  93,  19,  44,  43,  51,  23,  77,  74,  66,   6,  38,  23,  73,  23,  42,  83,  14,  22,  67,  89,  14,  51,  14,  55,  90,  43,  89,  37,  22,  39,  33,  40,  84,  69,  16,  12,  28,  66,  52   ]
[87,  51,  51, 111, 100,  90,  69,  60,  54,  64,  43,  46,  48,  62,  37,  40,  74,  32,  23,  64,  57,  60,  26,  83,  46,   0,  17,  44,  83,  52,  76,  55,  71,  53,  55,  32,  56,  72,  10, 103, 116, 108,  65,  71,  36,  18,  43,  86,  71,  69,  44,  11,  36, 100,  24,  59,  53,  60,  34,  76,  68,  33,  47,  39,  43, 104,  67,  65,  22,  63,  14,  65,   6,  99,  35,  62,  47,  73,  96,  52   ]
[81,  34,  37,  95,  84,  76,  52,  45,  42,  48,  34,  34,  35,  45,  42,  28,  61,  19,  32,  56,  46,  46,  40,  73,  43,  17,   0,  28,  69,  39,  61,  48,  56,  38,  52,  30,  46,  57,  20,  88, 100,  91,  60,  58,  19,  35,  31,  69,  54,  52,  39,  10,  25,  85,  25,  44,  42,  56,  24,  59,  54,  30,  30,  41,  26,  87,  53,  52,   8,  55,  27,  53,  16,  82,  27,  59,  48,  67,  82,  35   ]
[66,  14,  36,  67,  56,  49,  36,  17,  23,  32,  48,  18,  13,  22,  51,  37,  34,  14,  49,  40,  26,  21,  60,  51,  40,  44,  28,   0,  43,  16,  33,  36,  27,  10,  46,  35,  28,  30,  43,  60,  72,  64,  49,  31,  10,  60,  17,  43,  35,  28,  34,  33,  18,  57,  37,  16,  49,  46,  19,  33,  51,  32,  12,  46,  18,  61,  26,  52,  22,  38,  49,  30,  40,  55,  42,  51,  50,  52,  55,  13   ]
[43,  49,  74,  47,  38,   8,  60,  28,  30,  59,  89,  37,  35,  46,  71,  78,   9,  51,  78,  31,  27,  23,  90,  18,  51,  83,  69,  43,   0,  31,  13,  38,  23,  33,  49,  59,  29,  14,  78,  30,  51,  48,  42,  12,  53,  95,  40,  43,  55,  45,  48,  71,  47,  22,  66,  27,  89,  44,  49,  38,  85,  56,  50,  64,  59,  47,  17,  87,  62,  30,  82,  19,  77,  41,  85,  48,  62,  36,  16,  46   ]
[50,  29,  52,  66,  55,  38,  49,  15,   7,  46,  64,   8,   4,  33,  46,  53,  22,  20,  50,  24,  10,   9,  62,  35,  30,  52,  39,  16,  31,   0,  25,  22,  24,  10,  33,  31,  12,  21,  48,  54,  71,  64,  34,  20,  25,  65,  10,  47,  46,  37,  24,  41,  17,  49,  37,  12,  66,  32,  18,  37,  67,  28,  28,  40,  35,  61,  16,  68,  31,  22,  52,  14,  47,  55,  58,  37,  41,  36,  45,  26   ]
[53,  37,  62,  42,  32,  16,  48,  17,  27,  47,  78,  33,  28,  34,  70,  67,   8,  43,  75,  36,  26,  16,  87,  29,  51,  76,  61,  33,  13,  25,   0,  39,  10,  24,  51,  56,  29,   4,  73,  29,  47,  42,  47,   7,  43,  90,  35,  32,  42,  33,  47,  64,  42,  25,  62,  17,  77,  48,  43,  26,  72,  53,  38,  64,  48,  40,   9,  74,  54,  34,  77,  19,  71,  34,  74,  52,  63,  43,  21,  34   ]
[33,  50,  71,  81,  71,  46,  70,  36,  15,  67,  79,  18,  23,  55,  34,  69,  32,  31,  44,   9,  14,  26,  55,  30,  14,  55,  48,  36,  38,  22,  39,   0,  43,  32,  12,  25,  11,  35,  48,  67,  86,  81,  13,  32,  42,  63,  20,  67,  68,  59,  12,  45,  24,  60,  33,  33,  83,  10,  24,  58,  87,  23,  48,  27,  54,  79,  32,  88,  41,   9,  50,  20,  49,  72,  72,  15,  25,  18,  53,  48   ]
[61,  28,  52,  42,  31,  25,  38,  11,  28,  37,  69,  32,  26,  24,  70,  58,  17,  39,  73,  41,  28,  17,  85,  38,  53,  71,  56,  27,  23,  24,  10,  43,   0,  19,  55,  55,  32,  10,  69,  32,  47,  40,  52,  14,  37,  86,  34,  25,  33,  23,  48,  60,  40,  30,  60,  13,  67,  52,  41,  17,  62,  52,  30,  64,  39,  37,  11,  64,  49,  39,  75,  24,  67,  31,  66,  57,  65,  50,  29,  25   ]
[59,  19,  44,  60,  49,  39,  38,   8,  17,  35,  57,  16,  10,  23,  54,  46,  24,  21,  55,  34,  20,  11,  67,  42,  39,  53,  38,  10,  33,  10,  24,  32,  19,   0,  43,  38,  22,  20,  51,  51,  65,  58,  44,  21,  20,  68,  17,  39,  36,  27,  33,  42,  22,  48,  42,   6,  58,  42,  23,  28,  57,  35,  19,  48,  27,  54,  16,  59,  30,  32,  56,  21,  49,  48,  52,  47,  51,  45,  45,  16   ]
[32,  60,  80,  94,  83,  57,  81,  48,  27,  78,  85,  28,  34,  66,  26,  76,  44,  38,  39,  18,  26,  38,  49,  38,   9,  55,  52,  46,  49,  33,  51,  12,  55,  43,   0,  24,  23,  47,  47,  78,  98,  93,  11,  44,  50,  59,  29,  80,  79,  70,  13,  47,  30,  71,  31,  45,  91,   6,  30,  70,  96,  23,  58,  20,  62,  91,  44,  96,  45,  19,  47,  32,  49,  85,  78,   7,  15,  21,  64,  58   ]
[55,  48,  63,  97,  86,  67,  70,  45,  29,  66,  64,  23,  29,  57,  16,  56,  51,  22,  19,  34,  32,  40,  31,  55,  15,  32,  30,  35,  59,  31,  56,  25,  55,  38,  24,   0,  30,  52,  23,  85, 102,  95,  34,  50,  34,  38,  22,  77,  70,  63,  13,  23,  17,  80,   8,  43,  71,  29,  16,  66,  80,   3,  45,  12,  47,  92,  47,  79,  25,  34,  25,  40,  25,  86,  56,  30,  18,  42,  74,  48   ]
[38,  40,  64,  71,  60,  38,  60,  25,   5,  57,  74,  12,  14,  45,  42,  63,  23,  27,  49,  13,   3,  15,  61,  27,  22,  56,  46,  28,  29,  12,  29,  11,  32,  22,  23,  30,   0,  25,  50,  57,  76,  70,  22,  22,  35,  66,  15,  56,  57,  48,  18,  45,  21,  51,  37,  22,  77,  21,  22,  47,  79,  27,  39,  35,  46,  68,  21,  80,  38,  11,  54,  11,  50,  62,  68,  26,  34,  24,  45,  38   ]
[51,  35,  60,  47,  36,  19,  47,  14,  23,  46,  76,  28,  24,  33,  66,  65,   6,  40,  70,  32,  21,  12,  82,  28,  47,  72,  57,  30,  14,  21,   4,  35,  10,  20,  47,  52,  25,   0,  68,  33,  51,  46,  43,   4,  40,  86,  31,  35,  43,  33,  42,  61,  38,  29,  58,  14,  75,  44,  39,  27,  71,  49,  36,  59,  45,  44,   4,  73,  50,  30,  73,  15,  67,  37,  72,  49,  59,  40,  25,  32   ]
[78,  52,  57, 110,  99,  86,  72,  58,  48,  68,  51,  41,  44,  63,  28,  47,  70,  30,  13,  57,  52,  56,  19,  77,  38,  10,  20,  43,  78,  48,  73,  48,  69,  51,  47,  23,  50,  68,   0, 101, 115, 107,  57,  68,  37,  17,  38,  86,  74,  70,  36,  11,  31,  97,  15,  57,  61,  52,  30,  76,  74,  25,  49,  29,  46, 104,  64,  72,  22,  56,   6,  60,   5,  98,  43,  53,  37,  65,  93,  53   ]
[71,  58,  79,  18,  14,  23,  58,  43,  56,  59,  98,  62,  57,  50,  99,  87,  34,  71, 103,  61,  54,  45, 116,  47,  79, 103,  88,  60,  30,  54,  29,  67,  32,  51,  78,  85,  57,  33, 101,   0,  22,  22,  72,  35,  69, 118,  64,  32,  52,  45,  75,  92,  71,   9,  91,  44,  94,  74,  72,  35,  84,  82,  61,  92,  69,  22,  38,  87,  81,  60, 106,  47,  99,  19,  96,  78,  91,  66,  17,  55   ]
[93,  67,  83,   5,  16,  44,  59,  57,  74,  62, 103,  79,  73,  57, 117,  93,  54,  86, 120,  82,  73,  63, 132,  69,  98, 116, 100,  72,  51,  71,  47,  86,  47,  65,  98, 102,  76,  51, 115,  22,   0,   9,  93,  55,  80, 132,  80,  33,  53,  50,  94, 106,  86,  31, 107,  60,  97,  94,  88,  41,  83,  99,  70, 111,  77,  13,  55,  87,  94,  80, 121,  66, 113,  17, 103,  99, 111,  87,  39,  65   ]
[91,  58,  73,   6,  10,  42,  50,  50,  68,  53,  94,  72,  66,  48, 110,  84,  49,  78, 112,  77,  67,  56, 124,  66,  93, 108,  91,  64,  48,  64,  42,  81,  40,  58,  93,  95,  70,  46, 107,  22,   9,   0,  88,  49,  72, 124,  73,  24,  44,  41,  88,  98,  79,  30, 100,  52,  87,  90,  81,  32,  74,  92,  61, 104,  68,   4,  49,  78,  86,  76, 113,  61, 105,   9,  93,  94, 105,  84,  38,  56   ]
[22,  62,  84,  88,  78,  50,  82,  47,  27,  79,  92,  31,  35,  67,  37,  82,  39,  44,  50,  11,  25,  36,  61,  28,  19,  65,  60,  49,  42,  34,  47,  13,  52,  44,  11,  34,  22,  43,  57,  72,  93,  88,   0,  39,  55,  70,  33,  77,  79,  70,  22,  56,  36,  64,  42,  44,  96,   5,  36,  68, 100,  32,  61,  31,  66,  86,  41, 100,  53,  13,  58,  28,  59,  80,  85,   7,  26,   9,  56,  60   ]
[47,  38,  63,  50,  39,  19,  51,  17,  21,  50,  78,  27,  23,  36,  63,  66,   3,  39,  69,  28,  19,  11,  81,  24,  44,  71,  58,  31,  12,  20,   7,  32,  14,  21,  44,  50,  22,   4,  68,  35,  55,  49,  39,   0,  41,  85,  30,  39,  46,  36,  40,  60,  37,  30,  56,  16,  77,  40,  38,  31,  74,  47,  38,  57,  47,  47,   5,  76,  50,  26,  72,  12,  66,  41,  73,  45,  56,  36,  25,  34   ]
[73,  16,  30,  75,  64,  59,  37,  26,  31,  32,  38,  24,  21,  26,  50,  28,  44,  12,  45,  48,  34,  30,  55,  60,  43,  36,  19,  10,  53,  25,  43,  42,  37,  20,  50,  34,  35,  40,  37,  69,  80,  72,  55,  41,   0,  53,  22,  50,  37,  33,  37,  26,  20,  67,  34,  26,  42,  51,  20,  40,  47,  32,  12,  46,  13,  68,  36,  47,  14,  46,  43,  39,  33,  63,  33,  55,  51,  59,  64,  16   ]
[91,  69,  70, 128, 116, 103,  87,  76,  65,  83,  59,  58,  61,  79,  35,  58,  87,  47,  20,  72,  68,  73,  13,  92,  51,  18,  35,  60,  95,  65,  90,  63,  86,  68,  59,  38,  66,  86,  17, 118, 132, 124,  70,  85,  53,   0,  55, 103,  89,  86,  51,  27,  48, 114,  30,  74,  70,  65,  47,  93,  86,  40,  65,  39,  61, 121,  81,  83,  39,  71,  13,  76,  20, 115,  52,  65,  47,  79, 110,  70   ]
[52,  31,  52,  75,  64,  48,  53,  24,  11,  49,  60,   3,   7,  38,  37,  50,  32,  13,  40,  26,  15,  19,  52,  41,  23,  43,  31,  17,  40,  10,  35,  20,  34,  17,  29,  22,  15,  31,  38,  64,  80,  73,  33,  30,  22,  55,   0,  55,  51,  43,  17,  31,   7,  59,  27,  21,  64,  30,   9,  45,  68,  19,  29,  32,  34,  70,  26,  68,  23,  24,  43,  22,  37,  64,  53,  34,  34,  37,  55,  29   ]
[85,  35,  50,  29,  20,  41,  27,  32,  53,  29,  70,  54,  48,  24,  92,  60,  40,  57,  92,  66,  53,  41, 104,  61,  77,  86,  69,  43,  43,  47,  32,  67,  25,  39,  80,  77,  56,  35,  86,  32,  33,  24,  77,  39,  50, 103,  55,   0,  21,  17,  71,  76,  60,  37,  80,  35,  64,  77,  61,  10,  52,  74,  38,  87,  45,  20,  36,  56,  64,  64,  92,  49,  83,  16,  70,  82,  89,  75,  41,  33   ]
[92,  22,  29,  50,  41,  56,   6,  33,  53,   9,  50,  51,  45,  13,  86,  41,  49,  48,  83,  69,  55,  43,  93,  71,  74,  71,  54,  35,  55,  46,  42,  68,  33,  36,  79,  70,  57,  43,  74,  52,  53,  44,  79,  46,  37,  89,  51,  21,   0,  10,  68,  63,  53,  55,  71,  35,  43,  78,  54,  18,  32,  67,  25,  81,  29,  40,  42,  36,  51,  67,  80,  54,  70,  37,  50,  83,  85,  80,  58,  22   ]
[82,  18,  34,  46,  36,  47,  15,  23,  44,  15,  54,  43,  37,   7,  79,  43,  39,  42,  77,  60,  45,  34,  88,  61,  66,  69,  52,  28,  45,  37,  33,  59,  23,  27,  70,  63,  48,  33,  70,  45,  50,  41,  70,  36,  33,  86,  43,  17,  10,   0,  60,  59,  46,  47,  66,  26,  49,  69,  48,  10,  40,  61,  21,  74,  27,  37,  32,  43,  47,  58,  76,  44,  66,  33,  52,  74,  77,  70,  49,  17   ]
[43,  48,  67,  89,  78,  56,  70,  39,  20,  66,  71,  17,  23,  55,  23,  63,  41,  25,  32,  21,  21,  31,  43,  42,   6,  44,  39,  34,  48,  24,  47,  12,  48,  33,  13,  13,  18,  42,  36,  75,  94,  88,  22,  40,  37,  51,  17,  71,  68,  60,   0,  34,  17,  69,  21,  36,  77,  17,  17,  61,  83,  11,  45,  17,  49,  85,  39,  83,  32,  21,  38,  29,  38,  79,  64,  20,  17,  29,  63,  46   ]
[77,  42,  47, 101,  90,  79,  61,  49,  42,  57,  43,  34,  37,  52,  33,  38,  63,  21,  22,  54,  46,  49,  30,  72,  38,  11,  10,  33,  71,  41,  64,  45,  60,  42,  47,  23,  45,  61,  11,  92, 106,  98,  56,  60,  26,  27,  31,  76,  63,  59,  34,   0,  24,  89,  17,  48,  52,  51,  23,  66,  64,  24,  38,  33,  35,  94,  56,  62,  12,  52,  17,  54,   7,  89,  35,  53,  40,  63,  85,  43   ]
[56,  32,  50,  81,  70,  55,  54,  29,  18,  50,  55,  10,  14,  40,  33,  46,  39,   8,  33,  31,  22,  26,  45,  48,  23,  36,  25,  18,  47,  17,  42,  24,  40,  22,  30,  17,  21,  38,  31,  71,  86,  79,  36,  37,  20,  48,   7,  60,  53,  46,  17,  24,   0,  66,  21,  27,  60,  33,   1,  50,  66,  14,  29,  28,  32,  76,  33,  66,  17,  30,  36,  29,  30,  70,  49,  36,  32,  42,  62,  31   ]
[63,  58,  81,  27,  22,  14,  61,  41,  50,  62,  99,  57,  53,  51,  93,  88,  28,  68,  99,  54,  48,  41, 111,  38,  73, 100,  85,  57,  22,  49,  25,  60,  30,  48,  71,  80,  51,  29,  97,   9,  31,  30,  64,  30,  67, 114,  59,  37,  55,  47,  69,  89,  66,   0,  86,  41,  96,  66,  68,  38,  87,  77,  60,  86,  69,  31,  33,  91,  78,  53, 102,  40,  96,  27,  96,  71,  85,  58,   8,  55   ]
[63,  49,  61, 102,  91,  74,  71,  50,  36,  67,  60,  29,  34,  59,  17,  53,  58,  23,  13,  42,  39,  45,  25,  62,  23,  24,  25,  37,  66,  37,  62,  33,  60,  42,  31,   8,  37,  58,  15,  91, 107, 100,  42,  56,  34,  30,  27,  80,  71,  66,  21,  17,  21,  86,   0,  48,  68,  37,  19,  70,  78,  10,  46,  16,  46,  97,  53,  77,  22,  41,  17,  47,  18,  91,  52,  38,  23,  50,  81,  49   ]
[57,  22,  48,  55,  43,  33,  39,   3,  18,  37,  62,  20,  14,  23,  58,  51,  19,  27,  60,  34,  19,   8,  72,  38,  42,  59,  44,  16,  27,  12,  17,  33,  13,   6,  45,  43,  22,  14,  57,  44,  60,  52,  44,  16,  26,  74,  21,  35,  35,  26,  36,  48,  27,  41,  48,   0,  62,  43,  28,  25,  60,  40,  23,  52,  32,  49,  10,  62,  37,  32,  62,  19,  55,  43,  58,  48,  54,  44,  38,  19   ]
[115,  40,  15,  93,  84,  93,  38,  61,  72,  35,  12,  66,  63,  45,  85,  15,  81,  53,  74,  89,  76,  69,  79,  99,  83,  53,  42,  49,  89,  66,  77,  83,  67,  58,  91,  71,  77,  75,  61,  94,  97,  87,  96,  77,  42,  70,  64,  64,  43,  49,  77,  52,  60,  96,  68,  62,   0,  93,  61,  59,  18,  70,  39,  83,  31,  83,  72,  14,  47,  87,  66,  79,  56,  81,  18,  97,  89, 101,  96,  43   ]
[26,  60,  81,  90,  79,  52,  81,  46,  25,  77,  88,  28,  33,  65,  32,  79,  40,  40,  45,  13,  24,  36,  56,  32,  14,  60,  56,  46,  44,  32,  48,  10,  52,  42,   6,  29,  21,  44,  52,  74,  94,  90,   5,  40,  51,  65,  30,  77,  78,  69,  17,  51,  33,  66,  37,  43,  93,   0,  33,  68,  97,  28,  58,  26,  64,  88,  41,  98,  49,  14,  53,  29,  54,  81,  81,   5,  21,  14,  59,  58   ]
[57,  33,  50,  83,  72,  56,  55,  31,  19,  51,  55,  11,  15,  42,  32,  46,  40,   8,  32,  32,  23,  27,  44,  49,  22,  34,  24,  19,  49,  18,  43,  24,  41,  23,  30,  16,  22,  39,  30,  72,  88,  81,  36,  38,  20,  47,   9,  61,  54,  48,  17,  23,   1,  68,  19,  28,  61,  33,   0,  51,  67,  13,  30,  27,  33,  77,  35,  67,  17,  30,  34,  31,  29,  71,  48,  36,  31,  42,  63,  32   ]
[78,  26,  44,  37,  26,  38,  24,  22,  43,  25,  64,  44,  38,  16,  82,  53,  34,  47,  82,  58,  44,  32,  93,  55,  67,  76,  59,  33,  38,  37,  26,  58,  17,  28,  70,  66,  47,  27,  76,  35,  41,  32,  68,  31,  40,  93,  45,  10,  18,  10,  61,  66,  50,  38,  70,  25,  59,  68,  51,   0,  50,  64,  29,  77,  36,  29,  28,  53,  54,  55,  82,  41,  73,  24,  62,  73,  79,  67,  40,  24   ]
[116,  38,  17,  80,  72,  87,  26,  58,  74,  25,  30,  69,  65,  38,  95,  27,  77,  59,  86,  91,  77,  68,  93,  98,  89,  68,  54,  51,  85,  67,  72,  87,  62,  57,  96,  80,  79,  71,  74,  84,  83,  74, 100,  74,  47,  86,  68,  52,  32,  40,  83,  64,  66,  87,  78,  60,  18,  97,  67,  50,   0,  78,  39,  92,  34,  70,  69,   4,  56,  89,  80,  78,  69,  68,  35, 102,  98, 103,  89,  41   ]
[54,  46,  61,  94,  83,  64,  68,  43,  26,  64,  63,  21,  26,  55,  19,  56,  49,  20,  22,  32,  29,  37,  34,  52,  14,  33,  30,  32,  56,  28,  53,  23,  52,  35,  23,   3,  27,  49,  25,  82,  99,  92,  32,  47,  32,  40,  19,  74,  67,  61,  11,  24,  14,  77,  10,  40,  70,  28,  13,  64,  78,   0,  43,  14,  45,  89,  45,  78,  24,  31,  27,  37,  27,  83,  56,  30,  19,  40,  71,  45   ]
[77,   4,  25,  65,  55,  55,  25,  22,  34,  21,  40,  30,  25,  14,  61,  28,  41,  23,  57,  52,  38,  30,  68,  60,  51,  47,  30,  12,  50,  28,  38,  48,  30,  19,  58,  45,  39,  36,  49,  61,  70,  61,  61,  38,  12,  65,  29,  38,  25,  21,  45,  38,  29,  60,  46,  23,  39,  58,  30,  29,  39,  43,   0,  57,   9,  57,  33,  40,  26,  50,  55,  40,  45,  52,  36,  63,  61,  63,  59,   5   ]
[52,  60,  75, 106,  95,  73,  82,  55,  37,  78,  75,  33,  39,  69,   6,  68,  58,  34,  19,  36,  38,  48,  29,  57,  14,  39,  41,  46,  64,  40,  64,  27,  64,  48,  20,  12,  35,  59,  29,  92, 111, 104,  31,  57,  46,  39,  32,  87,  81,  74,  17,  33,  28,  86,  16,  52,  83,  26,  27,  77,  92,  14,  57,   0,  59, 102,  55,  91,  36,  36,  28,  46,  33,  95,  67,  26,   8,  41,  80,  59   ]
[84,  11,  18,  73,  62,  64,  26,  31,  41,  22,  31,  36,  32,  21,  62,  19,  50,  25,  56,  59,  45,  38,  65,  68,  55,  43,  26,  18,  59,  35,  48,  54,  39,  27,  62,  47,  46,  45,  46,  69,  77,  68,  66,  47,  13,  61,  34,  45,  29,  27,  49,  35,  32,  69,  46,  32,  31,  64,  33,  36,  34,  45,   9,  59,   0,  64,  42,  34,  24,  57,  52,  48,  42,  60,  27,  68,  64,  70,  68,  14   ]
[90,  54,  69,  10,   9,  42,  46,  47,  65,  49,  90,  69,  63,  44, 107,  80,  48,  74, 109,  76,  65,  54, 121,  65,  90, 104,  87,  61,  47,  61,  40,  79,  37,  54,  91,  92,  68,  44, 104,  22,  13,   4,  86,  47,  68, 121,  70,  20,  40,  37,  85,  94,  76,  31,  97,  49,  83,  88,  77,  29,  70,  89,  57, 102,  64,   0,  47,  74,  82,  74, 110,  59, 101,   6,  89,  92, 102,  82,  38,  52   ]
[51,  32,  57,  50,  39,  23,  46,  11,  19,  45,  72,  24,  20,  31,  62,  61,   9,  35,  66,  30,  18,   8,  78,  29,  43,  67,  53,  26,  17,  16,   9,  32,  11,  16,  44,  47,  21,   4,  64,  38,  55,  49,  41,   5,  36,  81,  26,  36,  42,  32,  39,  56,  33,  33,  53,  10,  72,  41,  35,  28,  69,  45,  33,  55,  42,  47,   0,  71,  46,  28,  69,  13,  63,  40,  68,  46,  55,  39,  29,  29   ]
[118,  40,  17,  84,  76,  89,  29,  60,  75,  28,  26,  70,  65,  41,  94,  25,  79,  59,  84,  92,  78,  69,  91, 100,  89,  65,  52,  52,  87,  68,  74,  88,  64,  59,  96,  79,  80,  73,  72,  87,  87,  78, 100,  76,  47,  83,  68,  56,  36,  43,  83,  62,  66,  91,  77,  62,  14,  98,  67,  53,   4,  78,  40,  91,  34,  74,  71,   0,  55,  90,  78,  80,  67,  72,  31, 102,  97, 104,  92,  43   ]
[73,  30,  39,  89,  78,  69,  50,  38,  34,  46,  40,  26,  27,  40,  39,  32,  53,  11,  32,  48,  38,  39,  41,  65,  37,  22,   8,  22,  62,  31,  54,  41,  49,  30,  45,  25,  38,  50,  22,  81,  94,  86,  53,  50,  14,  39,  23,  64,  51,  47,  32,  12,  17,  78,  22,  37,  47,  49,  17,  54,  56,  24,  26,  36,  24,  82,  46,  55,   0,  47,  29,  45,  19,  77,  33,  52,  43,  59,  75,  31   ]
[28,  51,  74,  76,  66,  39,  70,  34,  16,  68,  84,  22,  25,  55,  42,  74,  26,  37,  52,   2,  13,  24,  64,  21,  22,  63,  55,  38,  30,  22,  34,   9,  39,  32,  19,  34,  11,  30,  56,  60,  80,  76,  13,  26,  46,  71,  24,  64,  67,  58,  21,  52,  30,  53,  41,  32,  87,  14,  30,  55,  89,  31,  50,  36,  57,  74,  28,  90,  47,   0,  59,  15,  57,  67,  78,  19,  33,  13,  46,  49   ]
[80,  59,  63, 116, 105,  90,  79,  64,  52,  74,  56,  45,  49,  69,  26,  53,  74,  35,  10,  59,  56,  61,  13,  80,  39,  14,  27,  49,  82,  52,  77,  50,  75,  56,  47,  25,  54,  73,   6, 106, 121, 113,  58,  72,  43,  13,  43,  92,  80,  76,  38,  17,  36, 102,  17,  62,  66,  53,  34,  82,  80,  27,  55,  28,  52, 110,  69,  78,  29,  59,   0,  64,  11, 104,  49,  54,  36,  67,  97,  59   ]
[39,  40,  65,  61,  51,  27,  57,  21,  11,  55,  77,  19,  18,  42,  52,  67,  12,  34,  59,  17,   8,  11,  71,  21,  33,  65,  53,  30,  19,  14,  19,  20,  24,  21,  32,  40,  11,  15,  60,  47,  66,  61,  28,  12,  39,  76,  22,  49,  54,  44,  29,  54,  29,  40,  47,  19,  79,  29,  31,  41,  78,  37,  40,  46,  48,  59,  13,  80,  45,  15,  64,   0,  59,  53,  72,  34,  45,  26,  34,  37   ]
[81,  49,  52, 108,  97,  85,  68,  56,  48,  64,  46,  40,  43,  59,  32,  42,  69,  28,  18,  58,  52,  55,  24,  77,  40,   6,  16,  40,  77,  47,  71,  49,  67,  49,  49,  25,  50,  67,   5,  99, 113, 105,  59,  66,  33,  20,  37,  83,  70,  66,  38,   7,  30,  96,  18,  55,  56,  54,  29,  73,  69,  27,  45,  33,  42, 101,  63,  67,  19,  57,  11,  59,   0,  96,  38,  56,  41,  67,  92,  50   ]
[84,  49,  66,  13,   5,  36,  43,  41,  59,  45,  86,  63,  57,  39, 101,  76,  41,  69, 103,  69,  59,  47, 115,  59,  84,  99,  82,  55,  41,  55,  34,  72,  31,  48,  85,  86,  62,  37,  98,  19,  17,   9,  80,  41,  63, 115,  64,  16,  37,  33,  79,  89,  70,  27,  91,  43,  81,  81,  71,  24,  68,  83,  52,  95,  60,   6,  40,  72,  77,  67, 104,  53,  96,   0,  85,  86,  96,  76,  33,  47   ]
[105,  38,  22,  98,  88,  90,  45,  57,  63,  42,   8,  56,  54,  46,  68,   9,  76,  41,  57,  79,  67,  63,  61,  93,  69,  35,  27,  42,  85,  58,  74,  72,  66,  52,  78,  56,  68,  72,  43,  96, 103,  93,  85,  73,  33,  52,  53,  70,  50,  52,  64,  35,  49,  96,  52,  58,  18,  81,  48,  62,  35,  56,  36,  67,  27,  89,  68,  31,  33,  78,  49,  72,  38,  85,   0,  84,  75,  90,  95,  41   ]
[26,  65,  85,  94,  84,  56,  85,  51,  30,  82,  91,  33,  38,  70,  31,  82,  45,  44,  45,  17,  29,  41,  55,  35,  16,  62,  59,  51,  48,  37,  52,  15,  57,  47,   7,  30,  26,  49,  53,  78,  99,  94,   7,  45,  55,  65,  34,  82,  83,  74,  20,  53,  36,  71,  38,  48,  97,   5,  36,  73, 102,  30,  63,  26,  68,  92,  46, 102,  52,  19,  54,  34,  56,  86,  84,   0,  19,  16,  63,  63   ]
[45,  64,  81, 106,  95,  71,  86,  57,  37,  82,  82,  35,  41,  72,  12,  75,  57,  39,  27,  32,  38,  48,  36,  53,  12,  47,  48,  50,  62,  41,  63,  25,  65,  51,  15,  18,  34,  59,  37,  91, 111, 105,  26,  56,  51,  47,  34,  89,  85,  77,  17,  40,  32,  85,  23,  54,  89,  21,  31,  79,  98,  19,  61,   8,  64, 102,  55,  97,  43,  33,  36,  45,  41,  96,  75,  19,   0,  35,  78,  63   ]
[14,  64,  88,  83,  74,  43,  83,  47,  29,  81,  97,  35,  38,  68,  47,  87,  35,  49,  59,  11,  26,  36,  70,  20,  28,  73,  67,  52,  36,  36,  43,  18,  50,  45,  21,  42,  24,  40,  65,  66,  87,  84,   9,  36,  59,  79,  37,  75,  80,  70,  29,  63,  42,  58,  50,  44, 101,  14,  42,  67, 103,  40,  63,  41,  70,  82,  39, 104,  59,  13,  67,  26,  67,  76,  90,  16,  35,   0,  50,  62   ]
[54,  57,  81,  35,  29,   7,  64,  38,  45,  64,  99,  52,  48,  52,  86,  87,  23,  64,  93,  47,  42,  36, 105,  30,  66,  96,  82,  55,  16,  45,  21,  53,  29,  45,  64,  74,  45,  25,  93,  17,  39,  38,  56,  25,  64, 110,  55,  41,  58,  49,  63,  85,  62,   8,  81,  38,  96,  59,  63,  40,  89,  71,  59,  80,  68,  38,  29,  92,  75,  46,  97,  34,  92,  33,  95,  63,  78,  50,   0,  54   ]
[75,   3,  28,  60,  49,  50,  23,  18,  33,  20,  44,  30,  25,  10,  64,  33,  38,  26,  61,  51,  36,  27,  72,  57,  52,  52,  35,  13,  46,  26,  34,  48,  25,  16,  58,  48,  38,  32,  53,  55,  65,  56,  60,  34,  16,  70,  29,  33,  22,  17,  46,  43,  31,  55,  49,  19,  43,  58,  32,  24,  41,  45,   5,  59,  14,  52,  29,  43,  31,  49,  59,  37,  50,  47,  41,  63,  63,  62,  54,   0   ]
];